Time,ThumbTip.x,ThumbTip.y,ThumbTip.z,IndexTip.x,IndexTip.y,IndexTip.z,MiddleTip.x,MiddleTip.y,MiddleTip.z,RingTip.x,RingTip.y,RingTip.z,LittleTip.x,LittleTip.y,LittleTip.z,Dist,Speed,PalmDist,Label
0.3467,-0.0819,0.0928,0.0469,-0.0705,0.1255,0.0666,-0.0868,0.0774,0.0446,-0.0580,0.0417,0.0253,-0.0389,0.0328,0.0304,0.0163,0.000,0.0881,None
0.3725,-0.0816,0.0925,0.0466,-0.0704,0.1249,0.0659,-0.0866,0.0776,0.0446,-0.0636,0.0443,0.0271,-0.0398,0.0332,0.0304,0.0158,-0.630,0.0879,None
0.4115,-0.0811,0.0920,0.0460,-0.0698,0.1238,0.0652,-0.0861,0.0814,0.0480,-0.0837,0.0748,0.0557,-0.0664,0.0529,0.0466,0.0119,-0.394,0.0892,None
0.4275,-0.0806,0.0918,0.0457,-0.0697,0.1221,0.0641,-0.0854,0.0857,0.0520,-0.0828,0.0870,0.0691,-0.0715,0.0654,0.0620,0.0100,-0.767,0.0908,None
0.4416,-0.0805,0.0919,0.0457,-0.0700,0.1206,0.0630,-0.0851,0.0864,0.0528,-0.0817,0.0900,0.0727,-0.0715,0.0688,0.0671,0.0101,-0.733,0.0911,None
0.4552,-0.0799,0.0917,0.0457,-0.0704,0.1167,0.0602,-0.0843,0.0875,0.0542,-0.0798,0.0921,0.0758,-0.0696,0.0733,0.0756,0.0104,-0.773,0.0912,None
0.4698,-0.0794,0.0912,0.0459,-0.0677,0.1170,0.0606,-0.0829,0.0862,0.0536,-0.0779,0.0935,0.0784,-0.0664,0.0764,0.0852,0.0099,-0.744,0.0896,None
0.4839,-0.0791,0.0910,0.0467,-0.0654,0.1182,0.0619,-0.0814,0.0840,0.0520,-0.0765,0.0949,0.0810,-0.0644,0.0773,0.0919,0.0091,-0.684,0.0873,None
0.4984,-0.0784,0.0900,0.0479,-0.0643,0.1180,0.0623,-0.0799,0.0813,0.0501,-0.0764,0.0931,0.0797,-0.0624,0.0774,0.0957,0.0092,-0.560,0.0848,None
0.5119,-0.0778,0.0892,0.0485,-0.0639,0.1171,0.0624,-0.0792,0.0803,0.0498,-0.0763,0.0907,0.0776,-0.0614,0.0769,0.0964,0.0092,-0.612,0.0839,None
0.5258,-0.0775,0.0888,0.0486,-0.0638,0.1165,0.0624,-0.0789,0.0797,0.0499,-0.0762,0.0895,0.0769,-0.0612,0.0763,0.0963,0.0093,-0.628,0.0836,None
0.5396,-0.0775,0.0886,0.0489,-0.0639,0.1163,0.0627,-0.0789,0.0794,0.0500,-0.0763,0.0890,0.0768,-0.0612,0.0760,0.0965,0.0094,-0.653,0.0835,None
0.5553,-0.0803,0.0917,0.0508,-0.0663,0.1203,0.0651,-0.0817,0.0820,0.0519,-0.0792,0.0917,0.0795,-0.0634,0.0784,0.1001,0.0098,-0.792,0.0864,None
0.5674,-0.0803,0.0916,0.0509,-0.0664,0.1201,0.0653,-0.0818,0.0819,0.0521,-0.0792,0.0913,0.0796,-0.0634,0.0782,0.1003,0.0099,-0.768,0.0864,None
0.5815,-0.0804,0.0915,0.0511,-0.0665,0.1200,0.0655,-0.0818,0.0818,0.0523,-0.0793,0.0910,0.0797,-0.0633,0.0780,0.1006,0.0099,-0.673,0.0864,None
0.5956,-0.0804,0.0913,0.0513,-0.0665,0.1199,0.0659,-0.0819,0.0817,0.0528,-0.0792,0.0908,0.0801,-0.0631,0.0778,0.1013,0.0098,-0.644,0.0865,None
0.6103,-0.0805,0.0912,0.0516,-0.0666,0.1197,0.0663,-0.0820,0.0816,0.0531,-0.0792,0.0907,0.0807,-0.0599,0.0787,0.1058,0.0098,-0.613,0.0866,None
0.6241,-0.0806,0.0910,0.0518,-0.0667,0.1195,0.0667,-0.0820,0.0814,0.0535,-0.0791,0.0906,0.0813,-0.0557,0.0796,0.1114,0.0098,-0.653,0.0867,None
0.6381,-0.0806,0.0909,0.0520,-0.0667,0.1194,0.0670,-0.0821,0.0813,0.0538,-0.0790,0.0905,0.0818,-0.0519,0.0802,0.1160,0.0098,-0.661,0.0868,None
0.6523,-0.0805,0.0908,0.0522,-0.0666,0.1193,0.0673,-0.0821,0.0812,0.0541,-0.0790,0.0903,0.0820,-0.0518,0.0800,0.1163,0.0099,-0.664,0.0868,None
0.6664,-0.0804,0.0908,0.0524,-0.0666,0.1193,0.0676,-0.0820,0.0811,0.0543,-0.0790,0.0900,0.0822,-0.0518,0.0798,0.1163,0.0099,-0.682,0.0868,None
0.6804,-0.0804,0.0907,0.0527,-0.0665,0.1192,0.0678,-0.0820,0.0811,0.0546,-0.0789,0.0898,0.0823,-0.0518,0.0796,0.1163,0.0100,-0.682,0.0869,None
0.6941,-0.0802,0.0907,0.0529,-0.0664,0.1191,0.0680,-0.0819,0.0811,0.0549,-0.0789,0.0894,0.0822,-0.0595,0.0776,0.1082,0.0099,-0.706,0.0869,None
0.7082,-0.0801,0.0907,0.0531,-0.0662,0.1191,0.0682,-0.0818,0.0812,0.0552,-0.0811,0.0846,0.0763,-0.0667,0.0743,0.0974,0.0099,-0.678,0.0870,None
0.7222,-0.0799,0.0907,0.0533,-0.0661,0.1191,0.0683,-0.0818,0.0814,0.0555,-0.0824,0.0806,0.0714,-0.0691,0.0725,0.0923,0.0098,-0.678,0.0872,None
0.7362,-0.0797,0.0909,0.0534,-0.0659,0.1192,0.0683,-0.0816,0.0815,0.0556,-0.0830,0.0771,0.0670,-0.0719,0.0672,0.0785,0.0098,-0.681,0.0872,None
0.7502,-0.0815,0.0930,0.0544,-0.0674,0.1219,0.0696,-0.0834,0.0833,0.0566,-0.0828,0.0710,0.0586,-0.0708,0.0596,0.0611,0.0102,-0.807,0.0891,None
0.7642,-0.0814,0.0932,0.0543,-0.0674,0.1219,0.0695,-0.0834,0.0832,0.0564,-0.0797,0.0654,0.0517,-0.0668,0.0552,0.0531,0.0104,-0.719,0.0890,None
0.7784,-0.0814,0.0933,0.0541,-0.0675,0.1219,0.0693,-0.0834,0.0831,0.0561,-0.0763,0.0613,0.0469,-0.0618,0.0509,0.0465,0.0105,-0.716,0.0888,None
0.7925,-0.0815,0.0933,0.0540,-0.0675,0.1220,0.0691,-0.0833,0.0830,0.0558,-0.0734,0.0589,0.0442,-0.0568,0.0477,0.0424,0.0106,-0.722,0.0887,None
0.8064,-0.0815,0.0934,0.0539,-0.0676,0.1221,0.0689,-0.0829,0.0825,0.0549,-0.0711,0.0575,0.0425,-0.0525,0.0456,0.0401,0.0110,-0.744,0.0880,None
0.8203,-0.0815,0.0934,0.0537,-0.0676,0.1221,0.0687,-0.0824,0.0820,0.0540,-0.0691,0.0564,0.0413,-0.0494,0.0441,0.0387,0.0115,-0.765,0.0872,None
0.8344,-0.0815,0.0935,0.0536,-0.0677,0.1223,0.0683,-0.0822,0.0819,0.0536,-0.0645,0.0528,0.0375,-0.0455,0.0424,0.0371,0.0116,-0.797,0.0869,None
0.8484,-0.0815,0.0937,0.0532,-0.0677,0.1226,0.0676,-0.0821,0.0820,0.0531,-0.0596,0.0499,0.0344,-0.0415,0.0411,0.0360,0.0117,-0.842,0.0869,None
0.8622,-0.0814,0.0940,0.0528,-0.0677,0.1230,0.0668,-0.0820,0.0822,0.0526,-0.0554,0.0479,0.0323,-0.0379,0.0401,0.0352,0.0118,-0.860,0.0868,None
0.8764,-0.0813,0.0944,0.0521,-0.0676,0.1237,0.0656,-0.0818,0.0826,0.0519,-0.0525,0.0474,0.0314,-0.0356,0.0399,0.0351,0.0118,-0.845,0.0867,None
0.8903,-0.0810,0.0949,0.0514,-0.0672,0.1245,0.0644,-0.0815,0.0831,0.0512,-0.0519,0.0477,0.0310,-0.0352,0.0402,0.0348,0.0118,-0.884,0.0866,None
0.9041,-0.0807,0.0956,0.0507,-0.0668,0.1253,0.0631,-0.0811,0.0837,0.0505,-0.0514,0.0480,0.0306,-0.0347,0.0406,0.0345,0.0119,-0.893,0.0866,None
0.9181,-0.0800,0.0963,0.0503,-0.0659,0.1263,0.0622,-0.0804,0.0845,0.0501,-0.0508,0.0484,0.0304,-0.0342,0.0410,0.0343,0.0118,-0.896,0.0865,None
0.9320,-0.0790,0.0972,0.0501,-0.0646,0.1273,0.0616,-0.0795,0.0854,0.0499,-0.0501,0.0490,0.0304,-0.0335,0.0414,0.0343,0.0118,-0.901,0.0865,None
0.9459,-0.0779,0.0981,0.0498,-0.0633,0.1284,0.0608,-0.0785,0.0863,0.0496,-0.0495,0.0496,0.0303,-0.0329,0.0419,0.0342,0.0118,-0.903,0.0864,None
0.9599,-0.0769,0.0991,0.0495,-0.0620,0.1294,0.0601,-0.0775,0.0873,0.0493,-0.0488,0.0502,0.0301,-0.0323,0.0424,0.0340,0.0118,-0.894,0.0864,None
0.9740,-0.0759,0.1000,0.0490,-0.0607,0.1304,0.0592,-0.0767,0.0883,0.0488,-0.0482,0.0507,0.0298,-0.0318,0.0428,0.0338,0.0117,-0.894,0.0864,None
0.9880,-0.0754,0.1009,0.0480,-0.0600,0.1313,0.0580,-0.0761,0.0892,0.0479,-0.0479,0.0513,0.0293,-0.0316,0.0432,0.0334,0.0117,-0.892,0.0864,None
1.0019,-0.0748,0.1017,0.0471,-0.0592,0.1321,0.0568,-0.0756,0.0901,0.0470,-0.0475,0.0518,0.0287,-0.0314,0.0435,0.0330,0.0117,-0.899,0.0863,None
1.0156,-0.0745,0.1026,0.0457,-0.0587,0.1329,0.0553,-0.0754,0.0909,0.0456,-0.0473,0.0523,0.0279,-0.0314,0.0439,0.0324,0.0117,-0.905,0.0863,None
1.0296,-0.0742,0.1034,0.0441,-0.0583,0.1338,0.0536,-0.0752,0.0918,0.0441,-0.0472,0.0527,0.0270,-0.0314,0.0442,0.0317,0.0116,-0.887,0.0863,None
1.0437,-0.0740,0.1041,0.0426,-0.0579,0.1346,0.0519,-0.0750,0.0927,0.0427,-0.0470,0.0532,0.0260,-0.0314,0.0445,0.0310,0.0115,-0.870,0.0863,None
1.0574,-0.0738,0.1046,0.0414,-0.0576,0.1351,0.0505,-0.0749,0.0935,0.0414,-0.0469,0.0535,0.0252,-0.0315,0.0447,0.0304,0.0112,-0.869,0.0864,None
1.0714,-0.0735,0.1049,0.0409,-0.0573,0.1356,0.0495,-0.0748,0.0942,0.0406,-0.0467,0.0538,0.0246,-0.0315,0.0448,0.0300,0.0108,-0.814,0.0865,None
1.0853,-0.0732,0.1052,0.0403,-0.0569,0.1360,0.0485,-0.0747,0.0949,0.0399,-0.0465,0.0540,0.0239,-0.0314,0.0448,0.0295,0.0103,-0.786,0.0866,None
1.0996,-0.0729,0.1055,0.0399,-0.0565,0.1364,0.0480,-0.0745,0.0957,0.0395,-0.0461,0.0541,0.0236,-0.0313,0.0449,0.0292,0.0099,-0.734,0.0868,None
1.1132,-0.0723,0.1058,0.0397,-0.0557,0.1368,0.0477,-0.0740,0.0964,0.0395,-0.0457,0.0543,0.0234,-0.0311,0.0449,0.0291,0.0096,-0.752,0.0870,None
1.1269,-0.0716,0.1063,0.0396,-0.0546,0.1373,0.0475,-0.0734,0.0973,0.0396,-0.0451,0.0546,0.0233,-0.0307,0.0450,0.0290,0.0092,-0.727,0.0871,None
1.1413,-0.0709,0.1068,0.0396,-0.0535,0.1378,0.0473,-0.0727,0.0981,0.0396,-0.0442,0.0547,0.0231,-0.0304,0.0451,0.0290,0.0089,-0.670,0.0873,None
1.1547,-0.0701,0.1073,0.0394,-0.0524,0.1383,0.0470,-0.0720,0.0990,0.0396,-0.0431,0.0549,0.0229,-0.0300,0.0453,0.0289,0.0085,-0.714,0.0874,None
1.1688,-0.0694,0.1078,0.0391,-0.0513,0.1388,0.0466,-0.0713,0.0998,0.0393,-0.0422,0.0550,0.0227,-0.0297,0.0454,0.0288,0.0083,-0.660,0.0875,None
1.1829,-0.0687,0.1084,0.0388,-0.0502,0.1393,0.0462,-0.0705,0.1005,0.0391,-0.0413,0.0552,0.0224,-0.0293,0.0455,0.0286,0.0081,-0.640,0.0875,None
1.1966,-0.0664,0.1104,0.0376,-0.0461,0.1412,0.0463,-0.0683,0.1019,0.0382,-0.0380,0.0554,0.0219,-0.0285,0.0461,0.0284,0.0087,-0.798,0.0873,None
1.2104,-0.0609,0.1148,0.0344,-0.0416,0.1345,0.0383,-0.0596,0.0976,0.0304,-0.0323,0.0563,0.0207,-0.0267,0.0476,0.0274,0.0176,-1.053,0.0794,None
1.2247,-0.0516,0.1245,0.0226,-0.0346,0.1313,0.0330,-0.0501,0.0950,0.0247,-0.0263,0.0572,0.0201,-0.0246,0.0491,0.0264,0.0297,-1.985,0.0727,None
1.2387,-0.0347,0.1328,0.0160,-0.0252,0.1258,0.0277,-0.0332,0.0857,0.0183,-0.0219,0.0585,0.0194,-0.0226,0.0496,0.0263,0.0472,-2.909,0.0578,None
1.2527,-0.0238,0.1357,0.0153,-0.0177,0.1195,0.0236,-0.0172,0.0744,0.0146,-0.0194,0.0593,0.0189,-0.0187,0.0482,0.0277,0.0617,-3.577,0.0426,None
1.2666,-0.0231,0.1358,0.0166,-0.0170,0.1169,0.0235,-0.0124,0.0692,0.0142,-0.0192,0.0585,0.0192,-0.0189,0.0471,0.0288,0.0675,-4.364,0.0370,None
1.2806,-0.0227,0.1357,0.0175,-0.0165,0.1154,0.0237,-0.0096,0.0664,0.0142,-0.0185,0.0572,0.0192,-0.0192,0.0465,0.0293,0.0706,-4.788,0.0342,None
1.2944,-0.0265,0.1348,0.0194,-0.0198,0.1149,0.0255,-0.0112,0.0658,0.0151,-0.0196,0.0556,0.0199,-0.0203,0.0454,0.0301,0.0708,-5.043,0.0340,None
1.3088,-0.0298,0.1338,0.0211,-0.0252,0.1194,0.0297,-0.0127,0.0653,0.0159,-0.0208,0.0546,0.0206,-0.0213,0.0444,0.0308,0.0709,-4.833,0.0340,None
1.3228,-0.0323,0.1331,0.0224,-0.0282,0.1285,0.0374,-0.0138,0.0648,0.0165,-0.0219,0.0539,0.0210,-0.0220,0.0436,0.0313,0.0709,-4.978,0.0339,None
1.3368,-0.0339,0.1325,0.0232,-0.0253,0.1396,0.0472,-0.0146,0.0646,0.0168,-0.0228,0.0533,0.0211,-0.0226,0.0431,0.0316,0.0709,-4.982,0.0340,None
1.3505,-0.0350,0.1322,0.0237,-0.0235,0.1444,0.0523,-0.0152,0.0644,0.0170,-0.0234,0.0530,0.0211,-0.0230,0.0427,0.0317,0.0709,-5.041,0.0340,None
1.3642,-0.0360,0.1318,0.0241,-0.0227,0.1466,0.0552,-0.0159,0.0642,0.0171,-0.0240,0.0526,0.0212,-0.0234,0.0423,0.0319,0.0709,-5.059,0.0344,None
1.3785,-0.0370,0.1315,0.0243,-0.0234,0.1473,0.0565,-0.0175,0.0639,0.0167,-0.0248,0.0523,0.0210,-0.0238,0.0420,0.0319,0.0708,-4.871,0.0354,None
1.3925,-0.0381,0.1312,0.0245,-0.0249,0.1471,0.0571,-0.0196,0.0635,0.0162,-0.0261,0.0519,0.0205,-0.0247,0.0416,0.0316,0.0707,-4.956,0.0369,None
1.4063,-0.0394,0.1308,0.0246,-0.0267,0.1468,0.0576,-0.0217,0.0631,0.0158,-0.0276,0.0515,0.0200,-0.0261,0.0413,0.0308,0.0705,-5.043,0.0384,None
1.4201,-0.0409,0.1304,0.0247,-0.0287,0.1466,0.0582,-0.0235,0.0627,0.0155,-0.0289,0.0511,0.0195,-0.0276,0.0409,0.0301,0.0704,-5.034,0.0393,None
1.4341,-0.0422,0.1300,0.0245,-0.0308,0.1461,0.0581,-0.0250,0.0626,0.0151,-0.0299,0.0508,0.0191,-0.0293,0.0407,0.0292,0.0702,-4.972,0.0401,None
1.4483,-0.0435,0.1298,0.0234,-0.0330,0.1459,0.0572,-0.0287,0.0635,0.0141,-0.0307,0.0507,0.0184,-0.0315,0.0409,0.0276,0.0685,-4.908,0.0430,None
1.4622,-0.0447,0.1296,0.0222,-0.0353,0.1457,0.0562,-0.0351,0.0673,0.0140,-0.0317,0.0508,0.0175,-0.0334,0.0411,0.0261,0.0636,-4.890,0.0484,None
1.4759,-0.0469,0.1291,0.0202,-0.0394,0.1454,0.0547,-0.0568,0.0892,0.0223,-0.0404,0.0551,0.0155,-0.0433,0.0449,0.0215,0.0411,-4.624,0.0707,None
1.4897,-0.0511,0.1277,0.0186,-0.0441,0.1476,0.0578,-0.0668,0.1032,0.0309,-0.0534,0.0654,0.0178,-0.0543,0.0547,0.0224,0.0317,-2.813,0.0826,None
1.5038,-0.0551,0.1262,0.0167,-0.0480,0.1493,0.0608,-0.0728,0.1080,0.0336,-0.0612,0.0706,0.0185,-0.0608,0.0603,0.0223,0.0306,-2.078,0.0875,None
1.5179,-0.0597,0.1243,0.0148,-0.0479,0.1522,0.0665,-0.0781,0.1113,0.0360,-0.0698,0.0772,0.0214,-0.0677,0.0657,0.0252,0.0310,-2.066,0.0913,None
1.5318,-0.0637,0.1219,0.0149,-0.0479,0.1531,0.0707,-0.0816,0.1105,0.0364,-0.0736,0.0783,0.0229,-0.0711,0.0665,0.0269,0.0302,-2.069,0.0922,None
1.5457,-0.0701,0.1168,0.0202,-0.0496,0.1526,0.0707,-0.0829,0.1093,0.0365,-0.0745,0.0772,0.0230,-0.0716,0.0653,0.0271,0.0220,-1.546,0.0919,None
1.5595,-0.0775,0.1098,0.0249,-0.0513,0.1521,0.0706,-0.0842,0.1081,0.0364,-0.0753,0.0762,0.0231,-0.0721,0.0642,0.0271,0.0134,-0.991,0.0917,None
1.5733,-0.0792,0.1079,0.0255,-0.0504,0.1528,0.0695,-0.0837,0.1080,0.0362,-0.0739,0.0752,0.0229,-0.0654,0.0599,0.0262,0.0116,-0.862,0.0914,None
1.5877,-0.0787,0.1083,0.0253,-0.0491,0.1539,0.0673,-0.0828,0.1028,0.0299,-0.0641,0.0648,0.0164,-0.0541,0.0507,0.0222,0.0082,-0.778,0.0884,None
1.6017,-0.0783,0.1085,0.0251,-0.0529,0.1520,0.0614,-0.0817,0.0981,0.0249,-0.0566,0.0587,0.0139,-0.0471,0.0463,0.0219,0.0109,-0.579,0.0859,None
1.6158,-0.0779,0.1089,0.0246,-0.0597,0.1461,0.0513,-0.0804,0.0947,0.0212,-0.0506,0.0550,0.0132,-0.0423,0.0438,0.0221,0.0148,-0.790,0.0840,None
1.6289,-0.0775,0.1096,0.0231,-0.0631,0.1424,0.0448,-0.0798,0.0937,0.0195,-0.0483,0.0537,0.0125,-0.0401,0.0429,0.0220,0.0164,-1.145,0.0834,None
1.6430,-0.0772,0.1102,0.0216,-0.0645,0.1403,0.0407,-0.0793,0.0934,0.0183,-0.0467,0.0530,0.0120,-0.0385,0.0425,0.0220,0.0173,-1.182,0.0830,None
1.6567,-0.0773,0.1104,0.0201,-0.0653,0.1397,0.0378,-0.0793,0.0936,0.0172,-0.0464,0.0530,0.0114,-0.0382,0.0427,0.0217,0.0172,-1.215,0.0831,None
1.6705,-0.0775,0.1104,0.0190,-0.0653,0.1399,0.0363,-0.0794,0.0937,0.0163,-0.0463,0.0531,0.0110,-0.0381,0.0429,0.0213,0.0170,-1.199,0.0832,None
1.6846,-0.0777,0.1104,0.0179,-0.0655,0.1402,0.0347,-0.0797,0.0941,0.0155,-0.0462,0.0531,0.0104,-0.0379,0.0430,0.0210,0.0166,-1.143,0.0835,None
1.6986,-0.0781,0.1102,0.0169,-0.0658,0.1403,0.0335,-0.0808,0.0953,0.0153,-0.0462,0.0530,0.0100,-0.0379,0.0431,0.0207,0.0152,-1.132,0.0848,None
1.7123,-0.0785,0.1100,0.0162,-0.0661,0.1404,0.0326,-0.0817,0.0962,0.0151,-0.0461,0.0529,0.0096,-0.0379,0.0431,0.0205,0.0142,-1.037,0.0857,None
1.7264,-0.0787,0.1098,0.0156,-0.0662,0.1406,0.0318,-0.0821,0.0967,0.0148,-0.0460,0.0529,0.0093,-0.0379,0.0431,0.0203,0.0136,-0.962,0.0862,None
1.7404,-0.0789,0.1096,0.0150,-0.0663,0.1408,0.0311,-0.0825,0.0971,0.0143,-0.0459,0.0528,0.0091,-0.0378,0.0432,0.0202,0.0131,-0.916,0.0865,None
1.7541,-0.0788,0.1097,0.0144,-0.0660,0.1413,0.0302,-0.0823,0.0974,0.0137,-0.0457,0.0529,0.0087,-0.0376,0.0434,0.0199,0.0129,-0.938,0.0866,None
1.7684,-0.0784,0.1100,0.0139,-0.0653,0.1418,0.0295,-0.0819,0.0979,0.0132,-0.0453,0.0532,0.0085,-0.0373,0.0436,0.0198,0.0127,-0.908,0.0867,None
1.7820,-0.0779,0.1103,0.0135,-0.0645,0.1423,0.0289,-0.0815,0.0984,0.0128,-0.0449,0.0534,0.0083,-0.0370,0.0438,0.0197,0.0125,-0.936,0.0868,None
1.7959,-0.0773,0.1107,0.0133,-0.0635,0.1430,0.0286,-0.0809,0.0990,0.0125,-0.0444,0.0536,0.0081,-0.0366,0.0441,0.0196,0.0122,-0.922,0.0869,None
1.8099,-0.0766,0.1111,0.0132,-0.0624,0.1436,0.0284,-0.0802,0.0997,0.0124,-0.0440,0.0539,0.0081,-0.0362,0.0443,0.0196,0.0120,-0.901,0.0870,None
1.8237,-0.0759,0.1115,0.0132,-0.0612,0.1442,0.0283,-0.0795,0.1004,0.0124,-0.0436,0.0542,0.0080,-0.0358,0.0446,0.0196,0.0118,-0.896,0.0871,None
1.8377,-0.0753,0.1119,0.0133,-0.0601,0.1448,0.0283,-0.0789,0.1010,0.0124,-0.0433,0.0545,0.0079,-0.0355,0.0448,0.0196,0.0115,-0.868,0.0872,None
1.8515,-0.0746,0.1122,0.0136,-0.0590,0.1453,0.0287,-0.0783,0.1015,0.0127,-0.0430,0.0547,0.0080,-0.0351,0.0449,0.0197,0.0113,-0.861,0.0873,None
1.8655,-0.0740,0.1125,0.0140,-0.0579,0.1457,0.0292,-0.0777,0.1020,0.0131,-0.0426,0.0550,0.0082,-0.0348,0.0451,0.0199,0.0111,-0.828,0.0873,None
1.8792,-0.0733,0.1128,0.0144,-0.0567,0.1462,0.0297,-0.0771,0.1025,0.0134,-0.0423,0.0552,0.0083,-0.0344,0.0452,0.0200,0.0110,-0.833,0.0874,None
1.8933,-0.0727,0.1131,0.0148,-0.0553,0.1470,0.0307,-0.0765,0.1030,0.0138,-0.0419,0.0554,0.0085,-0.0341,0.0453,0.0202,0.0108,-0.801,0.0875,None
1.9072,-0.0721,0.1134,0.0152,-0.0537,0.1480,0.0319,-0.0759,0.1035,0.0142,-0.0416,0.0556,0.0086,-0.0337,0.0454,0.0203,0.0107,-0.798,0.0875,None
1.9210,-0.0715,0.1137,0.0157,-0.0519,0.1491,0.0332,-0.0753,0.1040,0.0146,-0.0412,0.0557,0.0088,-0.0334,0.0454,0.0205,0.0105,-0.796,0.0876,None
1.9350,-0.0708,0.1139,0.0163,-0.0503,0.1498,0.0348,-0.0747,0.1044,0.0152,-0.0408,0.0559,0.0091,-0.0330,0.0454,0.0208,0.0104,-0.778,0.0876,None
1.9491,-0.0702,0.1142,0.0170,-0.0493,0.1501,0.0359,-0.0741,0.1047,0.0159,-0.0404,0.0560,0.0094,-0.0327,0.0454,0.0210,0.0102,-0.755,0.0877,None
1.9628,-0.0696,0.1144,0.0178,-0.0482,0.1503,0.0371,-0.0735,0.1051,0.0166,-0.0400,0.0561,0.0097,-0.0323,0.0454,0.0213,0.0101,-0.773,0.0877,None
1.9769,-0.0689,0.1147,0.0185,-0.0469,0.1506,0.0382,-0.0728,0.1055,0.0173,-0.0395,0.0562,0.0101,-0.0318,0.0454,0.0217,0.0101,-0.745,0.0878,None
1.9907,-0.0683,0.1149,0.0191,-0.0459,0.1508,0.0392,-0.0722,0.1057,0.0179,-0.0391,0.0562,0.0104,-0.0314,0.0453,0.0219,0.0100,-0.750,0.0878,None
2.0049,-0.0678,0.1150,0.0197,-0.0449,0.1510,0.0402,-0.0717,0.1060,0.0185,-0.0386,0.0563,0.0107,-0.0311,0.0453,0.0222,0.0099,-0.722,0.0878,None
2.0187,-0.0674,0.1151,0.0201,-0.0442,0.1511,0.0410,-0.0713,0.1062,0.0189,-0.0383,0.0563,0.0109,-0.0308,0.0452,0.0224,0.0099,-0.735,0.0878,None
2.0325,-0.0673,0.1151,0.0203,-0.0439,0.1511,0.0414,-0.0711,0.1062,0.0190,-0.0381,0.0562,0.0110,-0.0304,0.0449,0.0224,0.0098,-0.733,0.0878,None
2.0463,-0.0674,0.1150,0.0203,-0.0433,0.1515,0.0421,-0.0711,0.1061,0.0190,-0.0380,0.0561,0.0110,-0.0301,0.0446,0.0224,0.0097,-0.718,0.0877,None
2.0603,-0.0675,0.1148,0.0204,-0.0424,0.1522,0.0430,-0.0712,0.1060,0.0190,-0.0379,0.0560,0.0109,-0.0299,0.0443,0.0224,0.0097,-0.705,0.0877,None
2.0742,-0.0662,0.1159,0.0197,-0.0414,0.1522,0.0436,-0.0703,0.1059,0.0190,-0.0373,0.0561,0.0111,-0.0296,0.0444,0.0225,0.0108,-0.777,0.0874,None
2.0883,-0.0557,0.1238,0.0089,-0.0385,0.1508,0.0420,-0.0642,0.0996,0.0148,-0.0353,0.0568,0.0113,-0.0283,0.0450,0.0227,0.0263,-1.729,0.0814,None
2.1022,-0.0451,0.1295,0.0014,-0.0349,0.1489,0.0401,-0.0560,0.0911,0.0096,-0.0313,0.0567,0.0122,-0.0267,0.0458,0.0229,0.0407,-2.643,0.0739,None
2.1161,-0.0286,0.1356,-0.0004,-0.0293,0.1475,0.0407,-0.0381,0.0763,0.0061,-0.0269,0.0564,0.0134,-0.0247,0.0464,0.0238,0.0605,-3.742,0.0574,None
2.1303,-0.0203,0.1374,0.0047,-0.0255,0.1451,0.0427,-0.0240,0.0678,0.0085,-0.0246,0.0560,0.0150,-0.0215,0.0457,0.0263,0.0698,-4.450,0.0450,None
2.1439,-0.0131,0.1383,0.0093,-0.0238,0.1412,0.0426,-0.0170,0.0655,0.0113,-0.0226,0.0559,0.0165,-0.0182,0.0449,0.0290,0.0729,-5.236,0.0398,None
2.1573,-0.0129,0.1381,0.0114,-0.0245,0.1380,0.0423,-0.0151,0.0646,0.0130,-0.0223,0.0555,0.0177,-0.0178,0.0442,0.0301,0.0736,-5.379,0.0382,None
2.1715,-0.0152,0.1378,0.0119,-0.0264,0.1366,0.0419,-0.0158,0.0642,0.0133,-0.0240,0.0552,0.0174,-0.0191,0.0436,0.0296,0.0737,-5.119,0.0381,None
2.1858,-0.0178,0.1375,0.0119,-0.0282,0.1363,0.0418,-0.0167,0.0639,0.0132,-0.0254,0.0548,0.0171,-0.0202,0.0432,0.0292,0.0736,-5.035,0.0381,None
2.1996,-0.0201,0.1371,0.0121,-0.0298,0.1361,0.0418,-0.0184,0.0636,0.0128,-0.0265,0.0544,0.0169,-0.0211,0.0428,0.0291,0.0736,-5.233,0.0390,None
2.2135,-0.0222,0.1368,0.0118,-0.0314,0.1371,0.0422,-0.0204,0.0634,0.0121,-0.0272,0.0540,0.0167,-0.0218,0.0425,0.0288,0.0735,-5.149,0.0402,None
2.2277,-0.0238,0.1366,0.0114,-0.0326,0.1382,0.0426,-0.0214,0.0632,0.0116,-0.0277,0.0536,0.0164,-0.0224,0.0423,0.0285,0.0734,-5.039,0.0407,None
2.2416,-0.0251,0.1363,0.0111,-0.0332,0.1410,0.0445,-0.0221,0.0631,0.0113,-0.0281,0.0533,0.0161,-0.0228,0.0422,0.0283,0.0733,-5.164,0.0408,None
2.2550,-0.0261,0.1362,0.0109,-0.0329,0.1443,0.0470,-0.0225,0.0629,0.0110,-0.0284,0.0530,0.0159,-0.0233,0.0420,0.0281,0.0733,-5.354,0.0409,None
2.2692,-0.0266,0.1360,0.0110,-0.0328,0.1457,0.0480,-0.0227,0.0629,0.0108,-0.0285,0.0528,0.0157,-0.0236,0.0419,0.0279,0.0733,-5.077,0.0409,None
2.2830,-0.0272,0.1359,0.0110,-0.0330,0.1466,0.0486,-0.0229,0.0628,0.0106,-0.0287,0.0526,0.0156,-0.0238,0.0417,0.0277,0.0733,-5.202,0.0409,None
2.2970,-0.0280,0.1357,0.0109,-0.0339,0.1466,0.0480,-0.0233,0.0627,0.0103,-0.0290,0.0524,0.0153,-0.0243,0.0416,0.0275,0.0732,-5.156,0.0410,None
2.3107,-0.0288,0.1356,0.0107,-0.0349,0.1466,0.0473,-0.0237,0.0626,0.0100,-0.0292,0.0521,0.0149,-0.0248,0.0415,0.0271,0.0732,-5.235,0.0410,None
2.3249,-0.0298,0.1353,0.0106,-0.0361,0.1466,0.0465,-0.0242,0.0625,0.0095,-0.0296,0.0519,0.0145,-0.0253,0.0414,0.0267,0.0730,-5.057,0.0411,None
2.3387,-0.0307,0.1351,0.0105,-0.0371,0.1466,0.0459,-0.0246,0.0624,0.0092,-0.0299,0.0516,0.0141,-0.0258,0.0413,0.0263,0.0730,-5.220,0.0411,None
2.3525,-0.0320,0.1348,0.0101,-0.0387,0.1465,0.0454,-0.0252,0.0622,0.0088,-0.0304,0.0513,0.0137,-0.0266,0.0411,0.0259,0.0729,-5.179,0.0412,None
2.3663,-0.0333,0.1344,0.0097,-0.0403,0.1464,0.0448,-0.0258,0.0620,0.0084,-0.0310,0.0510,0.0132,-0.0273,0.0409,0.0254,0.0728,-5.222,0.0412,None
2.3804,-0.0351,0.1339,0.0096,-0.0424,0.1461,0.0450,-0.0277,0.0621,0.0081,-0.0319,0.0507,0.0129,-0.0294,0.0408,0.0240,0.0722,-5.045,0.0422,None
2.3941,-0.0377,0.1332,0.0096,-0.0445,0.1475,0.0475,-0.0492,0.0768,0.0095,-0.0352,0.0511,0.0119,-0.0390,0.0436,0.0190,0.0576,-5.193,0.0617,None
2.4082,-0.0409,0.1323,0.0087,-0.0431,0.1524,0.0537,-0.0655,0.0978,0.0192,-0.0491,0.0607,0.0114,-0.0506,0.0524,0.0179,0.0437,-3.952,0.0797,None
2.4219,-0.0440,0.1313,0.0077,-0.0419,0.1556,0.0591,-0.0721,0.1067,0.0246,-0.0579,0.0675,0.0124,-0.0568,0.0588,0.0177,0.0410,-3.006,0.0872,None
2.4357,-0.0476,0.1301,0.0052,-0.0411,0.1584,0.0625,-0.0768,0.1136,0.0279,-0.0665,0.0754,0.0136,-0.0631,0.0646,0.0182,0.0405,-2.852,0.0925,None
2.4498,-0.0509,0.1288,0.0026,-0.0409,0.1603,0.0640,-0.0800,0.1166,0.0282,-0.0724,0.0812,0.0149,-0.0679,0.0684,0.0191,0.0406,-2.797,0.0948,None
2.4635,-0.0564,0.1259,0.0019,-0.0425,0.1612,0.0639,-0.0829,0.1177,0.0269,-0.0764,0.0839,0.0144,-0.0712,0.0698,0.0184,0.0373,-2.663,0.0960,None
2.4777,-0.0675,0.1186,0.0069,-0.0454,0.1615,0.0614,-0.0847,0.1172,0.0240,-0.0780,0.0843,0.0127,-0.0729,0.0704,0.0173,0.0243,-1.801,0.0958,None
2.4915,-0.0736,0.1136,0.0116,-0.0461,0.1617,0.0600,-0.0850,0.1169,0.0227,-0.0781,0.0842,0.0119,-0.0726,0.0701,0.0166,0.0162,-1.251,0.0955,None
2.5053,-0.0757,0.1113,0.0145,-0.0472,0.1615,0.0578,-0.0846,0.1146,0.0201,-0.0775,0.0840,0.0117,-0.0673,0.0665,0.0163,0.0109,-1.000,0.0942,None
2.5192,-0.0770,0.1098,0.0162,-0.0539,0.1586,0.0509,-0.0839,0.1072,0.0131,-0.0752,0.0817,0.0106,-0.0626,0.0636,0.0165,0.0080,-0.719,0.0907,None
2.5331,-0.0765,0.1101,0.0165,-0.0579,0.1558,0.0455,-0.0823,0.1015,0.0085,-0.0671,0.0721,0.0064,-0.0577,0.0611,0.0178,0.0131,-0.630,0.0879,None
2.5471,-0.0761,0.1104,0.0167,-0.0593,0.1544,0.0428,-0.0812,0.0996,0.0072,-0.0599,0.0657,0.0053,-0.0519,0.0570,0.0181,0.0153,-0.974,0.0869,None
2.5614,-0.0757,0.1106,0.0167,-0.0598,0.1536,0.0411,-0.0804,0.0988,0.0066,-0.0546,0.0621,0.0057,-0.0473,0.0539,0.0186,0.0163,-1.083,0.0862,None
2.5749,-0.0755,0.1108,0.0165,-0.0592,0.1538,0.0406,-0.0800,0.0989,0.0066,-0.0511,0.0602,0.0063,-0.0434,0.0514,0.0191,0.0162,-1.214,0.0861,None
2.5889,-0.0753,0.1110,0.0162,-0.0588,0.1539,0.0400,-0.0797,0.0991,0.0064,-0.0492,0.0593,0.0064,-0.0410,0.0498,0.0193,0.0160,-1.140,0.0861,None
2.6026,-0.0751,0.1111,0.0158,-0.0585,0.1541,0.0393,-0.0795,0.0993,0.0063,-0.0474,0.0583,0.0066,-0.0391,0.0488,0.0197,0.0158,-1.145,0.0862,None
2.6167,-0.0749,0.1113,0.0153,-0.0581,0.1542,0.0382,-0.0792,0.0996,0.0059,-0.0467,0.0581,0.0063,-0.0386,0.0488,0.0196,0.0156,-1.097,0.0862,None
2.6305,-0.0746,0.1115,0.0146,-0.0578,0.1544,0.0371,-0.0790,0.0999,0.0055,-0.0463,0.0580,0.0061,-0.0383,0.0490,0.0195,0.0154,-1.089,0.0863,None
2.6444,-0.0744,0.1118,0.0140,-0.0574,0.1546,0.0359,-0.0788,0.1003,0.0051,-0.0456,0.0577,0.0058,-0.0379,0.0491,0.0194,0.0152,-1.072,0.0865,None
2.6583,-0.0741,0.1120,0.0133,-0.0570,0.1548,0.0348,-0.0786,0.1007,0.0046,-0.0450,0.0577,0.0055,-0.0375,0.0492,0.0192,0.0150,-1.075,0.0866,None
2.6724,-0.0737,0.1123,0.0128,-0.0564,0.1551,0.0339,-0.0783,0.1011,0.0043,-0.0445,0.0577,0.0054,-0.0370,0.0492,0.0191,0.0148,-1.050,0.0867,None
2.6859,-0.0733,0.1126,0.0124,-0.0557,0.1554,0.0331,-0.0779,0.1016,0.0041,-0.0441,0.0578,0.0052,-0.0362,0.0490,0.0190,0.0145,-1.096,0.0868,None
2.7002,-0.0728,0.1129,0.0119,-0.0550,0.1557,0.0323,-0.0775,0.1021,0.0038,-0.0436,0.0579,0.0050,-0.0353,0.0487,0.0189,0.0143,-1.017,0.0870,None
2.7137,-0.0723,0.1131,0.0116,-0.0542,0.1561,0.0317,-0.0771,0.1026,0.0037,-0.0431,0.0580,0.0050,-0.0348,0.0488,0.0189,0.0140,-1.054,0.0871,None
2.7279,-0.0717,0.1135,0.0113,-0.0531,0.1565,0.0313,-0.0765,0.1032,0.0036,-0.0426,0.0582,0.0049,-0.0343,0.0489,0.0188,0.0137,-0.995,0.0872,None
2.7418,-0.0711,0.1138,0.0111,-0.0521,0.1569,0.0309,-0.0760,0.1038,0.0035,-0.0421,0.0584,0.0048,-0.0338,0.0491,0.0188,0.0134,-0.990,0.0873,None
2.7554,-0.0706,0.1141,0.0107,-0.0510,0.1573,0.0306,-0.0755,0.1045,0.0034,-0.0416,0.0585,0.0047,-0.0332,0.0490,0.0187,0.0131,-0.982,0.0875,None
2.7697,-0.0701,0.1144,0.0104,-0.0501,0.1577,0.0304,-0.0750,0.1051,0.0033,-0.0412,0.0587,0.0045,-0.0325,0.0489,0.0187,0.0127,-0.906,0.0876,None
2.7835,-0.0696,0.1147,0.0101,-0.0478,0.1592,0.0315,-0.0746,0.1057,0.0032,-0.0407,0.0588,0.0044,-0.0319,0.0487,0.0187,0.0124,-0.915,0.0878,None
2.7972,-0.0691,0.1149,0.0098,-0.0461,0.1602,0.0322,-0.0742,0.1063,0.0031,-0.0403,0.0589,0.0043,-0.0314,0.0487,0.0187,0.0120,-0.895,0.0880,None
2.8112,-0.0687,0.1151,0.0096,-0.0453,0.1604,0.0321,-0.0739,0.1070,0.0031,-0.0398,0.0590,0.0042,-0.0311,0.0488,0.0186,0.0116,-0.847,0.0883,None
2.8249,-0.0684,0.1152,0.0094,-0.0446,0.1607,0.0320,-0.0737,0.1078,0.0031,-0.0395,0.0590,0.0041,-0.0308,0.0488,0.0186,0.0110,-0.833,0.0886,None
2.8389,-0.0681,0.1154,0.0091,-0.0439,0.1609,0.0319,-0.0735,0.1086,0.0032,-0.0391,0.0590,0.0040,-0.0305,0.0489,0.0185,0.0105,-0.777,0.0890,None
2.8530,-0.0678,0.1155,0.0090,-0.0433,0.1611,0.0319,-0.0734,0.1093,0.0033,-0.0388,0.0590,0.0039,-0.0302,0.0489,0.0185,0.0101,-0.731,0.0894,None
2.8667,-0.0675,0.1156,0.0090,-0.0427,0.1613,0.0321,-0.0732,0.1097,0.0035,-0.0385,0.0590,0.0039,-0.0300,0.0489,0.0185,0.0098,-0.727,0.0896,None
2.8808,-0.0673,0.1157,0.0090,-0.0421,0.1615,0.0323,-0.0729,0.1101,0.0036,-0.0383,0.0590,0.0039,-0.0298,0.0489,0.0186,0.0096,-0.688,0.0897,None
2.8947,-0.0670,0.1158,0.0091,-0.0415,0.1616,0.0327,-0.0727,0.1105,0.0039,-0.0380,0.0590,0.0039,-0.0295,0.0489,0.0186,0.0094,-0.685,0.0899,None
2.9087,-0.0667,0.1160,0.0094,-0.0409,0.1617,0.0332,-0.0724,0.1109,0.0043,-0.0377,0.0590,0.0041,-0.0292,0.0488,0.0188,0.0092,-0.672,0.0900,None
2.9223,-0.0664,0.1161,0.0097,-0.0402,0.1618,0.0339,-0.0721,0.1113,0.0048,-0.0374,0.0590,0.0043,-0.0288,0.0486,0.0190,0.0090,-0.676,0.0901,None
2.9363,-0.0663,0.1160,0.0105,-0.0398,0.1617,0.0349,-0.0720,0.1114,0.0057,-0.0372,0.0589,0.0046,-0.0284,0.0483,0.0193,0.0088,-0.639,0.0902,None
2.9503,-0.0663,0.1159,0.0116,-0.0394,0.1616,0.0364,-0.0721,0.1114,0.0069,-0.0370,0.0587,0.0053,-0.0281,0.0479,0.0198,0.0087,-0.636,0.0903,None
2.9641,-0.0664,0.1157,0.0128,-0.0391,0.1614,0.0381,-0.0721,0.1113,0.0082,-0.0368,0.0585,0.0060,-0.0278,0.0475,0.0204,0.0085,-0.634,0.0903,None
2.9778,-0.0642,0.1174,0.0125,-0.0378,0.1610,0.0412,-0.0716,0.1109,0.0109,-0.0348,0.0566,0.0072,-0.0271,0.0473,0.0216,0.0100,-0.758,0.0901,None
2.9921,-0.0537,0.1254,0.0028,-0.0336,0.1610,0.0446,-0.0681,0.1061,0.0106,-0.0311,0.0550,0.0089,-0.0256,0.0473,0.0230,0.0253,-1.650,0.0870,None
3.0058,-0.0448,0.1304,-0.0032,-0.0294,0.1609,0.0466,-0.0475,0.0792,0.0016,-0.0281,0.0543,0.0101,-0.0242,0.0475,0.0239,0.0515,-2.522,0.0631,None
3.0196,-0.0370,0.1337,-0.0066,-0.0280,0.1586,0.0456,-0.0336,0.0699,0.0021,-0.0255,0.0544,0.0114,-0.0226,0.0477,0.0248,0.0645,-3.968,0.0511,None
3.0335,-0.0346,0.1344,-0.0051,-0.0297,0.1552,0.0434,-0.0228,0.0656,0.0053,-0.0245,0.0544,0.0123,-0.0226,0.0466,0.0261,0.0706,-4.644,0.0414,None
3.0486,-0.0344,0.1346,-0.0032,-0.0296,0.1542,0.0448,-0.0189,0.0646,0.0076,-0.0242,0.0542,0.0132,-0.0231,0.0452,0.0274,0.0725,-4.605,0.0375,None
3.0617,-0.0341,0.1347,-0.0014,-0.0291,0.1535,0.0465,-0.0168,0.0641,0.0092,-0.0239,0.0539,0.0141,-0.0232,0.0437,0.0287,0.0735,-5.494,0.0355,None
3.0751,-0.0357,0.1342,0.0003,-0.0303,0.1527,0.0483,-0.0170,0.0637,0.0101,-0.0242,0.0533,0.0150,-0.0233,0.0423,0.0295,0.0737,-5.371,0.0351,None
3.0896,-0.0376,0.1337,0.0014,-0.0320,0.1521,0.0494,-0.0176,0.0633,0.0106,-0.0248,0.0528,0.0154,-0.0235,0.0414,0.0299,0.0737,-4.958,0.0349,None
3.1031,-0.0393,0.1332,0.0024,-0.0335,0.1515,0.0504,-0.0181,0.0630,0.0110,-0.0252,0.0522,0.0159,-0.0238,0.0406,0.0302,0.0738,-5.362,0.0348,None
3.1171,-0.0406,0.1327,0.0030,-0.0348,0.1510,0.0511,-0.0185,0.0628,0.0113,-0.0256,0.0518,0.0161,-0.0242,0.0401,0.0303,0.0739,-5.166,0.0347,None
3.1309,-0.0414,0.1325,0.0032,-0.0358,0.1508,0.0512,-0.0188,0.0626,0.0113,-0.0258,0.0515,0.0162,-0.0245,0.0398,0.0303,0.0739,-5.209,0.0346,None
3.1448,-0.0422,0.1322,0.0034,-0.0367,0.1505,0.0514,-0.0191,0.0625,0.0113,-0.0261,0.0512,0.0162,-0.0248,0.0395,0.0302,0.0739,-5.215,0.0346,None
3.1586,-0.0426,0.1321,0.0034,-0.0373,0.1504,0.0513,-0.0192,0.0624,0.0112,-0.0262,0.0510,0.0162,-0.0250,0.0393,0.0301,0.0740,-5.279,0.0345,None
3.1727,-0.0428,0.1320,0.0034,-0.0376,0.1504,0.0512,-0.0194,0.0623,0.0111,-0.0262,0.0508,0.0161,-0.0252,0.0392,0.0300,0.0740,-5.145,0.0346,None
3.1865,-0.0429,0.1320,0.0033,-0.0378,0.1504,0.0511,-0.0195,0.0623,0.0110,-0.0262,0.0507,0.0160,-0.0254,0.0391,0.0298,0.0740,-5.298,0.0346,None
3.2006,-0.0431,0.1320,0.0033,-0.0379,0.1506,0.0512,-0.0196,0.0623,0.0109,-0.0263,0.0506,0.0160,-0.0255,0.0390,0.0297,0.0740,-5.173,0.0347,None
3.2139,-0.0431,0.1320,0.0033,-0.0378,0.1508,0.0515,-0.0200,0.0621,0.0107,-0.0263,0.0504,0.0159,-0.0259,0.0389,0.0292,0.0739,-5.487,0.0351,None
3.2283,-0.0431,0.1319,0.0034,-0.0378,0.1510,0.0517,-0.0209,0.0619,0.0102,-0.0263,0.0503,0.0158,-0.0265,0.0387,0.0286,0.0738,-5.081,0.0360,None
3.2419,-0.0432,0.1319,0.0035,-0.0379,0.1511,0.0519,-0.0217,0.0618,0.0098,-0.0266,0.0501,0.0156,-0.0270,0.0386,0.0281,0.0736,-5.330,0.0369,None
3.2558,-0.0433,0.1319,0.0036,-0.0381,0.1510,0.0518,-0.0223,0.0617,0.0094,-0.0271,0.0500,0.0152,-0.0272,0.0385,0.0278,0.0735,-5.263,0.0375,None
3.2701,-0.0434,0.1319,0.0036,-0.0384,0.1510,0.0516,-0.0227,0.0616,0.0092,-0.0273,0.0499,0.0150,-0.0273,0.0385,0.0277,0.0735,-5.070,0.0378,None
3.2836,-0.0435,0.1318,0.0037,-0.0387,0.1509,0.0513,-0.0230,0.0615,0.0090,-0.0275,0.0497,0.0148,-0.0275,0.0384,0.0276,0.0734,-5.359,0.0380,None
3.2975,-0.0436,0.1318,0.0038,-0.0390,0.1508,0.0512,-0.0231,0.0615,0.0090,-0.0276,0.0496,0.0147,-0.0276,0.0384,0.0275,0.0734,-5.222,0.0381,None
3.3118,-0.0438,0.1317,0.0040,-0.0392,0.1508,0.0511,-0.0232,0.0615,0.0089,-0.0276,0.0495,0.0147,-0.0277,0.0383,0.0274,0.0734,-5.062,0.0381,None
3.3257,-0.0440,0.1316,0.0041,-0.0395,0.1507,0.0510,-0.0233,0.0614,0.0088,-0.0277,0.0493,0.0146,-0.0278,0.0382,0.0273,0.0733,-5.203,0.0382,None
3.3400,-0.0442,0.1315,0.0042,-0.0398,0.1506,0.0508,-0.0235,0.0614,0.0088,-0.0277,0.0492,0.0146,-0.0279,0.0382,0.0272,0.0733,-5.047,0.0383,None
3.3530,-0.0448,0.1313,0.0041,-0.0406,0.1505,0.0504,-0.0239,0.0614,0.0085,-0.0279,0.0491,0.0144,-0.0282,0.0382,0.0269,0.0731,-5.567,0.0385,None
3.3668,-0.0459,0.1309,0.0034,-0.0425,0.1502,0.0496,-0.0378,0.0674,0.0061,-0.0289,0.0492,0.0138,-0.0299,0.0383,0.0254,0.0641,-5.209,0.0510,None
3.3809,-0.0474,0.1304,0.0025,-0.0453,0.1497,0.0485,-0.0503,0.0776,0.0077,-0.0307,0.0493,0.0126,-0.0338,0.0397,0.0217,0.0531,-4.488,0.0622,None
3.3946,-0.0499,0.1294,0.0013,-0.0491,0.1492,0.0473,-0.0676,0.0983,0.0163,-0.0413,0.0557,0.0110,-0.0403,0.0457,0.0174,0.0388,-3.745,0.0812,None
3.4084,-0.0530,0.1280,0.0010,-0.0511,0.1507,0.0496,-0.0741,0.1091,0.0235,-0.0540,0.0660,0.0121,-0.0482,0.0546,0.0176,0.0362,-2.606,0.0894,None
3.4224,-0.0572,0.1252,0.0026,-0.0491,0.1548,0.0564,-0.0781,0.1130,0.0263,-0.0611,0.0711,0.0129,-0.0529,0.0585,0.0178,0.0339,-2.235,0.0929,None
3.4363,-0.0616,0.1215,0.0055,-0.0456,0.1577,0.0633,-0.0809,0.1133,0.0271,-0.0654,0.0736,0.0140,-0.0569,0.0605,0.0190,0.0301,-2.038,0.0940,None
3.4509,-0.0683,0.1162,0.0111,-0.0454,0.1581,0.0661,-0.0830,0.1120,0.0266,-0.0668,0.0729,0.0137,-0.0587,0.0605,0.0192,0.0217,-1.464,0.0939,None
3.4644,-0.0739,0.1111,0.0158,-0.0464,0.1579,0.0678,-0.0849,0.1108,0.0261,-0.0679,0.0719,0.0133,-0.0600,0.0600,0.0191,0.0151,-1.095,0.0938,None
3.4784,-0.0769,0.1081,0.0187,-0.0477,0.1573,0.0681,-0.0857,0.1100,0.0260,-0.0682,0.0712,0.0131,-0.0594,0.0588,0.0193,0.0115,-0.830,0.0936,None
3.4929,-0.0775,0.1076,0.0189,-0.0480,0.1572,0.0679,-0.0857,0.1097,0.0257,-0.0679,0.0708,0.0129,-0.0558,0.0556,0.0183,0.0109,-0.766,0.0935,None
3.5057,-0.0774,0.1076,0.0192,-0.0478,0.1573,0.0677,-0.0855,0.1091,0.0253,-0.0646,0.0661,0.0102,-0.0504,0.0508,0.0166,0.0102,-0.822,0.0931,None
3.5198,-0.0775,0.1075,0.0194,-0.0491,0.1567,0.0663,-0.0851,0.1053,0.0217,-0.0615,0.0621,0.0082,-0.0471,0.0481,0.0160,0.0083,-0.703,0.0913,None
3.5336,-0.0775,0.1074,0.0196,-0.0519,0.1556,0.0637,-0.0847,0.1023,0.0192,-0.0603,0.0607,0.0077,-0.0461,0.0474,0.0161,0.0088,-0.574,0.0900,None
3.5468,-0.0777,0.1073,0.0198,-0.0530,0.1551,0.0624,-0.0845,0.1013,0.0186,-0.0600,0.0605,0.0080,-0.0459,0.0473,0.0164,0.0092,-0.639,0.0896,None
3.5607,-0.0778,0.1071,0.0199,-0.0533,0.1549,0.0618,-0.0845,0.1011,0.0188,-0.0597,0.0603,0.0081,-0.0454,0.0471,0.0168,0.0091,-0.628,0.0895,None
3.5746,-0.0781,0.1069,0.0199,-0.0535,0.1549,0.0614,-0.0846,0.1009,0.0188,-0.0576,0.0590,0.0085,-0.0439,0.0464,0.0177,0.0090,-0.608,0.0895,None
3.5888,-0.0784,0.1067,0.0199,-0.0537,0.1549,0.0607,-0.0848,0.1006,0.0188,-0.0545,0.0572,0.0092,-0.0414,0.0456,0.0193,0.0089,-0.584,0.0895,None
3.6026,-0.0787,0.1065,0.0198,-0.0545,0.1547,0.0597,-0.0849,0.1003,0.0188,-0.0521,0.0560,0.0097,-0.0395,0.0451,0.0208,0.0089,-0.596,0.0895,None
3.6166,-0.0789,0.1063,0.0196,-0.0558,0.1542,0.0581,-0.0851,0.1001,0.0187,-0.0506,0.0553,0.0102,-0.0378,0.0448,0.0222,0.0088,-0.587,0.0894,None
3.6303,-0.0790,0.1062,0.0194,-0.0572,0.1535,0.0562,-0.0851,0.1000,0.0186,-0.0497,0.0551,0.0105,-0.0369,0.0447,0.0229,0.0087,-0.610,0.0894,None
3.6443,-0.0791,0.1062,0.0192,-0.0583,0.1530,0.0545,-0.0851,0.0999,0.0184,-0.0489,0.0549,0.0108,-0.0363,0.0447,0.0234,0.0087,-0.588,0.0894,None
3.6583,-0.0792,0.1062,0.0190,-0.0589,0.1527,0.0532,-0.0850,0.0999,0.0182,-0.0483,0.0548,0.0109,-0.0360,0.0447,0.0234,0.0086,-0.598,0.0894,None
3.6721,-0.0792,0.1062,0.0186,-0.0591,0.1527,0.0521,-0.0850,0.1000,0.0178,-0.0480,0.0547,0.0107,-0.0358,0.0448,0.0234,0.0086,-0.597,0.0894,None
3.6863,-0.0792,0.1063,0.0180,-0.0591,0.1530,0.0511,-0.0849,0.1001,0.0172,-0.0477,0.0547,0.0105,-0.0356,0.0450,0.0233,0.0085,-0.580,0.0895,None
3.7003,-0.0792,0.1064,0.0173,-0.0591,0.1532,0.0500,-0.0849,0.1002,0.0166,-0.0473,0.0547,0.0102,-0.0354,0.0451,0.0232,0.0084,-0.584,0.0895,None
3.7137,-0.0792,0.1064,0.0167,-0.0592,0.1533,0.0491,-0.0849,0.1003,0.0160,-0.0470,0.0546,0.0100,-0.0353,0.0451,0.0230,0.0084,-0.598,0.0895,None
3.7281,-0.0793,0.1064,0.0161,-0.0594,0.1534,0.0481,-0.0849,0.1003,0.0154,-0.0467,0.0546,0.0097,-0.0351,0.0452,0.0229,0.0083,-0.554,0.0895,None
3.7417,-0.0794,0.1064,0.0155,-0.0596,0.1535,0.0472,-0.0849,0.1004,0.0148,-0.0465,0.0545,0.0094,-0.0350,0.0453,0.0227,0.0082,-0.582,0.0896,None
3.7555,-0.0795,0.1064,0.0150,-0.0597,0.1536,0.0464,-0.0850,0.1004,0.0143,-0.0462,0.0544,0.0092,-0.0349,0.0453,0.0226,0.0082,-0.568,0.0896,None
3.7697,-0.0796,0.1064,0.0145,-0.0599,0.1536,0.0456,-0.0850,0.1004,0.0139,-0.0459,0.0544,0.0090,-0.0347,0.0453,0.0225,0.0081,-0.555,0.0896,None
3.7836,-0.0796,0.1064,0.0141,-0.0600,0.1536,0.0448,-0.0850,0.1004,0.0135,-0.0457,0.0543,0.0088,-0.0346,0.0454,0.0225,0.0080,-0.561,0.0896,None
3.7975,-0.0796,0.1063,0.0140,-0.0600,0.1536,0.0444,-0.0850,0.1005,0.0134,-0.0454,0.0543,0.0088,-0.0344,0.0454,0.0225,0.0080,-0.561,0.0896,None
3.8117,-0.0797,0.1063,0.0139,-0.0599,0.1537,0.0439,-0.0850,0.1005,0.0132,-0.0452,0.0542,0.0088,-0.0342,0.0455,0.0225,0.0079,-0.536,0.0897,None
3.8254,-0.0797,0.1062,0.0137,-0.0599,0.1537,0.0435,-0.0850,0.1005,0.0131,-0.0450,0.0542,0.0087,-0.0341,0.0455,0.0225,0.0078,-0.551,0.0897,None
3.8392,-0.0796,0.1063,0.0136,-0.0597,0.1539,0.0432,-0.0849,0.1006,0.0131,-0.0447,0.0542,0.0088,-0.0339,0.0456,0.0226,0.0078,-0.553,0.0897,None
3.8532,-0.0796,0.1063,0.0136,-0.0596,0.1539,0.0431,-0.0848,0.1006,0.0131,-0.0444,0.0542,0.0088,-0.0337,0.0456,0.0227,0.0077,-0.530,0.0897,None
3.8670,-0.0796,0.1063,0.0135,-0.0595,0.1539,0.0430,-0.0848,0.1006,0.0130,-0.0441,0.0541,0.0088,-0.0335,0.0456,0.0227,0.0077,-0.535,0.0897,None
3.8811,-0.0797,0.1062,0.0135,-0.0594,0.1540,0.0429,-0.0847,0.1005,0.0129,-0.0438,0.0540,0.0089,-0.0334,0.0456,0.0228,0.0076,-0.524,0.0897,None
3.8950,-0.0795,0.1063,0.0135,-0.0591,0.1540,0.0432,-0.0845,0.1004,0.0130,-0.0434,0.0539,0.0090,-0.0333,0.0456,0.0229,0.0078,-0.545,0.0896,None
3.9090,-0.0784,0.1076,0.0127,-0.0584,0.1541,0.0441,-0.0832,0.0960,0.0104,-0.0397,0.0514,0.0091,-0.0329,0.0454,0.0233,0.0127,-0.636,0.0875,None
3.9229,-0.0729,0.1146,0.0024,-0.0576,0.1542,0.0450,-0.0781,0.0872,0.0056,-0.0351,0.0496,0.0104,-0.0317,0.0447,0.0236,0.0281,-1.575,0.0814,None
3.9365,-0.0654,0.1213,-0.0084,-0.0564,0.1543,0.0458,-0.0574,0.0691,-0.0004,-0.0334,0.0491,0.0109,-0.0308,0.0442,0.0239,0.0534,-2.780,0.0616,None
3.9503,-0.0581,0.1262,-0.0126,-0.0544,0.1545,0.0466,-0.0386,0.0622,0.0020,-0.0326,0.0493,0.0113,-0.0302,0.0424,0.0249,0.0685,-4.168,0.0449,None
3.9642,-0.0488,0.1312,-0.0129,-0.0533,0.1530,0.0456,-0.0303,0.0615,0.0047,-0.0316,0.0497,0.0118,-0.0296,0.0408,0.0261,0.0742,-5.061,0.0379,None
3.9782,-0.0466,0.1322,-0.0114,-0.0522,0.1511,0.0448,-0.0262,0.0617,0.0068,-0.0307,0.0499,0.0125,-0.0288,0.0400,0.0272,0.0756,-5.244,0.0347,None
3.9920,-0.0462,0.1324,-0.0099,-0.0515,0.1500,0.0452,-0.0247,0.0616,0.0079,-0.0301,0.0498,0.0133,-0.0282,0.0399,0.0278,0.0761,-5.454,0.0336,None
4.0059,-0.0458,0.1327,-0.0085,-0.0505,0.1493,0.0460,-0.0238,0.0617,0.0087,-0.0296,0.0498,0.0140,-0.0276,0.0397,0.0284,0.0763,-5.418,0.0331,None
4.0199,-0.0469,0.1324,-0.0072,-0.0508,0.1488,0.0473,-0.0239,0.0615,0.0092,-0.0297,0.0494,0.0146,-0.0275,0.0393,0.0288,0.0763,-5.418,0.0330,None
4.0336,-0.0485,0.1318,-0.0062,-0.0520,0.1481,0.0483,-0.0244,0.0612,0.0096,-0.0300,0.0489,0.0149,-0.0278,0.0387,0.0291,0.0763,-5.476,0.0330,None
4.0475,-0.0500,0.1312,-0.0054,-0.0534,0.1475,0.0492,-0.0250,0.0609,0.0099,-0.0304,0.0485,0.0152,-0.0282,0.0382,0.0293,0.0762,-5.367,0.0330,None
4.0616,-0.0516,0.1306,-0.0046,-0.0547,0.1468,0.0500,-0.0256,0.0606,0.0101,-0.0308,0.0480,0.0155,-0.0286,0.0377,0.0294,0.0762,-5.323,0.0330,None
4.0753,-0.0529,0.1301,-0.0040,-0.0558,0.1463,0.0506,-0.0261,0.0603,0.0103,-0.0310,0.0476,0.0156,-0.0289,0.0372,0.0295,0.0761,-5.448,0.0331,None
4.0895,-0.0537,0.1298,-0.0036,-0.0566,0.1459,0.0509,-0.0264,0.0601,0.0104,-0.0312,0.0473,0.0157,-0.0291,0.0369,0.0295,0.0761,-5.273,0.0331,None
4.1038,-0.0546,0.1294,-0.0032,-0.0574,0.1455,0.0513,-0.0268,0.0600,0.0104,-0.0314,0.0470,0.0158,-0.0294,0.0366,0.0295,0.0760,-5.244,0.0332,None
4.1169,-0.0550,0.1292,-0.0026,-0.0576,0.1453,0.0517,-0.0269,0.0599,0.0105,-0.0314,0.0468,0.0160,-0.0294,0.0364,0.0296,0.0760,-5.724,0.0332,None
4.1313,-0.0551,0.1291,-0.0022,-0.0576,0.1452,0.0520,-0.0270,0.0598,0.0106,-0.0314,0.0467,0.0160,-0.0295,0.0362,0.0296,0.0759,-5.208,0.0333,None
4.1448,-0.0553,0.1291,-0.0018,-0.0576,0.1451,0.0522,-0.0272,0.0597,0.0104,-0.0313,0.0466,0.0161,-0.0295,0.0360,0.0295,0.0758,-5.554,0.0337,None
4.1588,-0.0552,0.1291,-0.0015,-0.0574,0.1450,0.0523,-0.0273,0.0596,0.0104,-0.0312,0.0465,0.0161,-0.0295,0.0360,0.0295,0.0758,-5.350,0.0339,None
4.1730,-0.0553,0.1290,-0.0013,-0.0574,0.1450,0.0520,-0.0273,0.0596,0.0103,-0.0311,0.0465,0.0161,-0.0295,0.0359,0.0294,0.0757,-5.255,0.0340,None
4.1867,-0.0554,0.1289,-0.0013,-0.0575,0.1449,0.0517,-0.0274,0.0597,0.0101,-0.0311,0.0464,0.0160,-0.0295,0.0359,0.0292,0.0756,-5.467,0.0341,None
4.2004,-0.0556,0.1288,-0.0012,-0.0576,0.1449,0.0513,-0.0274,0.0597,0.0100,-0.0310,0.0464,0.0159,-0.0296,0.0359,0.0291,0.0755,-5.429,0.0341,None
4.2144,-0.0558,0.1287,-0.0012,-0.0578,0.1448,0.0510,-0.0275,0.0597,0.0098,-0.0310,0.0463,0.0158,-0.0296,0.0358,0.0290,0.0754,-5.320,0.0342,None
4.2286,-0.0560,0.1286,-0.0011,-0.0580,0.1446,0.0506,-0.0275,0.0597,0.0097,-0.0310,0.0462,0.0157,-0.0297,0.0358,0.0288,0.0753,-5.250,0.0342,None
4.2425,-0.0562,0.1284,-0.0011,-0.0582,0.1445,0.0502,-0.0276,0.0597,0.0096,-0.0310,0.0462,0.0156,-0.0298,0.0357,0.0287,0.0752,-5.323,0.0343,None
4.2559,-0.0564,0.1283,-0.0009,-0.0584,0.1444,0.0500,-0.0276,0.0597,0.0095,-0.0310,0.0461,0.0156,-0.0298,0.0356,0.0286,0.0751,-5.497,0.0344,None
4.2700,-0.0565,0.1283,-0.0007,-0.0586,0.1443,0.0498,-0.0277,0.0597,0.0094,-0.0310,0.0460,0.0155,-0.0299,0.0356,0.0285,0.0750,-5.237,0.0344,None
4.2842,-0.0566,0.1282,-0.0006,-0.0587,0.1441,0.0496,-0.0277,0.0598,0.0093,-0.0309,0.0460,0.0155,-0.0300,0.0355,0.0284,0.0749,-5.198,0.0345,None
4.2980,-0.0567,0.1281,-0.0004,-0.0587,0.1441,0.0496,-0.0277,0.0598,0.0093,-0.0309,0.0459,0.0154,-0.0301,0.0354,0.0283,0.0748,-5.358,0.0345,None
4.3140,-0.0568,0.1280,-0.0001,-0.0588,0.1441,0.0496,-0.0278,0.0598,0.0092,-0.0308,0.0459,0.0154,-0.0301,0.0354,0.0283,0.0747,-4.578,0.0346,None
4.3260,-0.0569,0.1280,0.0001,-0.0588,0.1440,0.0496,-0.0278,0.0598,0.0092,-0.0307,0.0458,0.0154,-0.0302,0.0353,0.0282,0.0746,-6.158,0.0346,None
4.3395,-0.0570,0.1279,0.0003,-0.0589,0.1440,0.0496,-0.0278,0.0599,0.0092,-0.0307,0.0458,0.0154,-0.0302,0.0353,0.0282,0.0746,-5.409,0.0346,None
4.3529,-0.0571,0.1278,0.0005,-0.0590,0.1439,0.0496,-0.0278,0.0599,0.0092,-0.0306,0.0457,0.0154,-0.0303,0.0352,0.0281,0.0745,-5.485,0.0347,None
4.3670,-0.0572,0.1277,0.0007,-0.0591,0.1439,0.0495,-0.0279,0.0599,0.0091,-0.0306,0.0457,0.0154,-0.0304,0.0352,0.0280,0.0744,-5.206,0.0347,None
4.3813,-0.0573,0.1276,0.0008,-0.0592,0.1438,0.0494,-0.0279,0.0599,0.0091,-0.0306,0.0456,0.0154,-0.0304,0.0352,0.0280,0.0743,-5.125,0.0348,None
4.3948,-0.0575,0.1275,0.0010,-0.0594,0.1437,0.0493,-0.0280,0.0599,0.0091,-0.0306,0.0455,0.0154,-0.0305,0.0351,0.0279,0.0743,-5.409,0.0348,None
4.4092,-0.0576,0.1274,0.0011,-0.0595,0.1436,0.0492,-0.0280,0.0599,0.0090,-0.0306,0.0455,0.0154,-0.0305,0.0351,0.0279,0.0742,-5.060,0.0348,None
4.4227,-0.0578,0.1274,0.0012,-0.0597,0.1435,0.0491,-0.0281,0.0598,0.0090,-0.0306,0.0454,0.0154,-0.0306,0.0350,0.0278,0.0742,-5.428,0.0349,None
4.4367,-0.0579,0.1272,0.0014,-0.0599,0.1434,0.0490,-0.0282,0.0598,0.0090,-0.0306,0.0453,0.0154,-0.0307,0.0350,0.0277,0.0741,-5.235,0.0349,None
4.4508,-0.0581,0.1271,0.0015,-0.0602,0.1433,0.0489,-0.0283,0.0598,0.0090,-0.0306,0.0452,0.0153,-0.0308,0.0349,0.0277,0.0740,-5.181,0.0349,None
4.4644,-0.0583,0.1270,0.0017,-0.0605,0.1432,0.0488,-0.0284,0.0597,0.0089,-0.0307,0.0451,0.0153,-0.0309,0.0348,0.0276,0.0740,-5.351,0.0350,None
4.4785,-0.0585,0.1269,0.0019,-0.0608,0.1430,0.0488,-0.0285,0.0597,0.0089,-0.0307,0.0450,0.0153,-0.0310,0.0347,0.0275,0.0739,-5.181,0.0350,None
4.4924,-0.0586,0.1268,0.0021,-0.0610,0.1429,0.0488,-0.0287,0.0596,0.0089,-0.0308,0.0450,0.0153,-0.0311,0.0347,0.0274,0.0739,-5.215,0.0351,None
4.5064,-0.0589,0.1267,0.0023,-0.0614,0.1427,0.0488,-0.0288,0.0596,0.0089,-0.0309,0.0448,0.0153,-0.0312,0.0345,0.0274,0.0739,-5.218,0.0351,None
4.5204,-0.0591,0.1266,0.0025,-0.0618,0.1425,0.0488,-0.0290,0.0595,0.0088,-0.0310,0.0447,0.0152,-0.0314,0.0344,0.0273,0.0738,-5.229,0.0352,None
4.5340,-0.0594,0.1264,0.0027,-0.0621,0.1424,0.0489,-0.0292,0.0594,0.0088,-0.0311,0.0446,0.0152,-0.0315,0.0343,0.0272,0.0738,-5.340,0.0353,None
4.5485,-0.0596,0.1263,0.0029,-0.0624,0.1422,0.0490,-0.0294,0.0593,0.0088,-0.0312,0.0445,0.0152,-0.0316,0.0342,0.0272,0.0737,-5.023,0.0353,None
4.5619,-0.0599,0.1261,0.0031,-0.0627,0.1420,0.0490,-0.0295,0.0592,0.0088,-0.0313,0.0444,0.0152,-0.0317,0.0340,0.0271,0.0737,-5.428,0.0354,None
4.5758,-0.0602,0.1260,0.0032,-0.0631,0.1419,0.0490,-0.0297,0.0592,0.0088,-0.0314,0.0443,0.0152,-0.0318,0.0339,0.0270,0.0737,-5.215,0.0354,None
4.5898,-0.0604,0.1259,0.0034,-0.0633,0.1418,0.0490,-0.0298,0.0591,0.0088,-0.0314,0.0442,0.0152,-0.0319,0.0338,0.0270,0.0736,-5.191,0.0355,None
4.6038,-0.0606,0.1258,0.0035,-0.0635,0.1417,0.0490,-0.0299,0.0590,0.0087,-0.0315,0.0441,0.0152,-0.0319,0.0338,0.0269,0.0736,-5.176,0.0355,None
4.6175,-0.0608,0.1257,0.0035,-0.0637,0.1416,0.0489,-0.0300,0.0590,0.0087,-0.0315,0.0440,0.0151,-0.0320,0.0337,0.0269,0.0736,-5.343,0.0356,None
4.6315,-0.0609,0.1256,0.0037,-0.0638,0.1415,0.0488,-0.0301,0.0590,0.0087,-0.0315,0.0440,0.0151,-0.0320,0.0336,0.0268,0.0736,-5.146,0.0356,None
4.6455,-0.0609,0.1256,0.0038,-0.0639,0.1414,0.0488,-0.0301,0.0590,0.0086,-0.0315,0.0439,0.0151,-0.0320,0.0336,0.0268,0.0735,-5.205,0.0356,None
4.6591,-0.0610,0.1255,0.0039,-0.0639,0.1414,0.0486,-0.0301,0.0590,0.0086,-0.0315,0.0439,0.0151,-0.0320,0.0336,0.0267,0.0735,-5.315,0.0357,None
4.6730,-0.0610,0.1255,0.0039,-0.0639,0.1414,0.0485,-0.0301,0.0590,0.0085,-0.0315,0.0439,0.0150,-0.0320,0.0335,0.0267,0.0735,-5.218,0.0357,None
4.6871,-0.0610,0.1255,0.0039,-0.0640,0.1414,0.0484,-0.0302,0.0590,0.0084,-0.0315,0.0438,0.0149,-0.0321,0.0335,0.0266,0.0734,-5.139,0.0357,None
4.7011,-0.0610,0.1255,0.0039,-0.0641,0.1413,0.0482,-0.0302,0.0590,0.0084,-0.0315,0.0438,0.0149,-0.0321,0.0335,0.0265,0.0734,-5.151,0.0358,None
4.7147,-0.0611,0.1254,0.0039,-0.0642,0.1413,0.0480,-0.0303,0.0590,0.0082,-0.0315,0.0438,0.0148,-0.0322,0.0334,0.0264,0.0734,-5.315,0.0358,None
4.7294,-0.0612,0.1254,0.0039,-0.0643,0.1413,0.0478,-0.0303,0.0589,0.0082,-0.0315,0.0437,0.0147,-0.0322,0.0334,0.0263,0.0734,-4.910,0.0359,None
4.7426,-0.0613,0.1253,0.0038,-0.0644,0.1413,0.0477,-0.0304,0.0589,0.0081,-0.0316,0.0437,0.0147,-0.0323,0.0334,0.0262,0.0733,-5.500,0.0359,None
4.7565,-0.0614,0.1253,0.0039,-0.0645,0.1413,0.0476,-0.0305,0.0589,0.0080,-0.0316,0.0436,0.0146,-0.0324,0.0333,0.0261,0.0733,-5.208,0.0360,None
4.7704,-0.0614,0.1252,0.0039,-0.0646,0.1413,0.0476,-0.0305,0.0589,0.0080,-0.0316,0.0436,0.0146,-0.0324,0.0333,0.0261,0.0733,-5.182,0.0360,None
4.7843,-0.0614,0.1252,0.0040,-0.0646,0.1412,0.0475,-0.0306,0.0589,0.0080,-0.0316,0.0436,0.0146,-0.0324,0.0333,0.0260,0.0733,-5.191,0.0360,None
4.7981,-0.0615,0.1252,0.0041,-0.0647,0.1412,0.0475,-0.0306,0.0588,0.0079,-0.0316,0.0435,0.0146,-0.0325,0.0332,0.0260,0.0732,-5.257,0.0361,None
4.8122,-0.0615,0.1251,0.0043,-0.0648,0.1411,0.0474,-0.0307,0.0588,0.0079,-0.0316,0.0435,0.0145,-0.0325,0.0332,0.0260,0.0732,-5.099,0.0361,None
4.8260,-0.0615,0.1251,0.0043,-0.0649,0.1411,0.0474,-0.0307,0.0588,0.0079,-0.0316,0.0434,0.0145,-0.0326,0.0332,0.0259,0.0732,-5.226,0.0361,None
4.8396,-0.0615,0.1251,0.0044,-0.0649,0.1411,0.0473,-0.0308,0.0588,0.0078,-0.0317,0.0434,0.0145,-0.0326,0.0331,0.0258,0.0732,-5.287,0.0362,None
4.8538,-0.0615,0.1251,0.0044,-0.0650,0.1411,0.0472,-0.0308,0.0588,0.0078,-0.0317,0.0434,0.0144,-0.0327,0.0331,0.0258,0.0732,-5.103,0.0362,None
4.8676,-0.0616,0.1251,0.0044,-0.0651,0.1411,0.0470,-0.0309,0.0588,0.0077,-0.0317,0.0433,0.0143,-0.0327,0.0331,0.0257,0.0732,-5.221,0.0363,None
4.8819,-0.0616,0.1251,0.0043,-0.0652,0.1411,0.0469,-0.0310,0.0587,0.0076,-0.0318,0.0433,0.0142,-0.0328,0.0331,0.0255,0.0732,-5.023,0.0363,None
4.8955,-0.0616,0.1251,0.0042,-0.0653,0.1412,0.0466,-0.0310,0.0587,0.0074,-0.0318,0.0433,0.0141,-0.0329,0.0331,0.0254,0.0731,-5.323,0.0364,None
4.9096,-0.0616,0.1251,0.0041,-0.0654,0.1412,0.0464,-0.0311,0.0587,0.0073,-0.0319,0.0432,0.0140,-0.0330,0.0331,0.0253,0.0731,-5.089,0.0364,None
4.9235,-0.0617,0.1251,0.0040,-0.0655,0.1412,0.0461,-0.0312,0.0587,0.0072,-0.0319,0.0432,0.0139,-0.0330,0.0330,0.0251,0.0731,-5.183,0.0365,None
4.9373,-0.0617,0.1250,0.0040,-0.0656,0.1412,0.0460,-0.0312,0.0586,0.0071,-0.0320,0.0432,0.0138,-0.0331,0.0330,0.0250,0.0731,-5.236,0.0365,None
4.9510,-0.0618,0.1250,0.0040,-0.0657,0.1412,0.0459,-0.0313,0.0586,0.0070,-0.0320,0.0431,0.0137,-0.0332,0.0330,0.0250,0.0731,-5.260,0.0366,None
4.9651,-0.0618,0.1250,0.0040,-0.0658,0.1412,0.0458,-0.0313,0.0586,0.0069,-0.0321,0.0431,0.0136,-0.0332,0.0329,0.0249,0.0731,-5.113,0.0367,None
4.9787,-0.0618,0.1249,0.0041,-0.0658,0.1412,0.0458,-0.0314,0.0585,0.0069,-0.0321,0.0431,0.0136,-0.0332,0.0329,0.0248,0.0731,-5.311,0.0367,None
4.9929,-0.0619,0.1249,0.0042,-0.0658,0.1412,0.0458,-0.0314,0.0585,0.0069,-0.0321,0.0430,0.0136,-0.0333,0.0329,0.0248,0.0731,-5.098,0.0368,None
5.0066,-0.0619,0.1249,0.0043,-0.0658,0.1412,0.0458,-0.0314,0.0585,0.0069,-0.0321,0.0430,0.0136,-0.0333,0.0328,0.0248,0.0731,-5.239,0.0368,None
5.0205,-0.0618,0.1249,0.0044,-0.0657,0.1412,0.0457,-0.0315,0.0585,0.0068,-0.0321,0.0430,0.0136,-0.0333,0.0328,0.0247,0.0731,-5.185,0.0369,None
5.0343,-0.0618,0.1249,0.0045,-0.0657,0.1412,0.0458,-0.0315,0.0585,0.0068,-0.0321,0.0430,0.0136,-0.0333,0.0328,0.0247,0.0730,-5.206,0.0369,None
5.0485,-0.0617,0.1249,0.0046,-0.0656,0.1412,0.0458,-0.0315,0.0585,0.0068,-0.0321,0.0430,0.0136,-0.0333,0.0328,0.0247,0.0730,-5.071,0.0370,None
5.0622,-0.0617,0.1249,0.0047,-0.0656,0.1412,0.0459,-0.0315,0.0585,0.0068,-0.0321,0.0430,0.0136,-0.0333,0.0328,0.0247,0.0730,-5.253,0.0370,None
5.0761,-0.0617,0.1249,0.0048,-0.0655,0.1412,0.0460,-0.0315,0.0585,0.0068,-0.0321,0.0429,0.0136,-0.0333,0.0328,0.0247,0.0730,-5.186,0.0371,None
5.0902,-0.0617,0.1249,0.0049,-0.0655,0.1412,0.0460,-0.0315,0.0585,0.0068,-0.0321,0.0429,0.0136,-0.0333,0.0327,0.0247,0.0730,-5.114,0.0371,None
5.1041,-0.0618,0.1249,0.0050,-0.0655,0.1412,0.0461,-0.0316,0.0584,0.0069,-0.0321,0.0429,0.0136,-0.0333,0.0327,0.0247,0.0730,-5.197,0.0371,None
5.1179,-0.0618,0.1248,0.0051,-0.0654,0.1412,0.0461,-0.0316,0.0584,0.0069,-0.0321,0.0429,0.0136,-0.0333,0.0327,0.0247,0.0730,-5.227,0.0372,None
5.1319,-0.0619,0.1248,0.0052,-0.0655,0.1412,0.0461,-0.0316,0.0584,0.0069,-0.0321,0.0428,0.0136,-0.0333,0.0327,0.0247,0.0730,-5.128,0.0372,None
5.1457,-0.0619,0.1248,0.0052,-0.0655,0.1412,0.0461,-0.0317,0.0584,0.0069,-0.0321,0.0428,0.0136,-0.0333,0.0327,0.0247,0.0729,-5.204,0.0372,None
5.1596,-0.0619,0.1247,0.0053,-0.0655,0.1412,0.0461,-0.0317,0.0584,0.0069,-0.0321,0.0428,0.0136,-0.0333,0.0327,0.0247,0.0729,-5.212,0.0372,None
5.1733,-0.0619,0.1247,0.0053,-0.0654,0.1412,0.0462,-0.0317,0.0584,0.0069,-0.0321,0.0428,0.0136,-0.0333,0.0326,0.0247,0.0729,-5.220,0.0373,None
5.1873,-0.0619,0.1247,0.0054,-0.0654,0.1412,0.0463,-0.0317,0.0584,0.0069,-0.0321,0.0427,0.0137,-0.0333,0.0326,0.0247,0.0729,-5.146,0.0373,None
5.2012,-0.0619,0.1247,0.0055,-0.0654,0.1411,0.0463,-0.0318,0.0584,0.0070,-0.0322,0.0427,0.0137,-0.0333,0.0326,0.0247,0.0729,-5.200,0.0373,None
5.2149,-0.0619,0.1248,0.0055,-0.0654,0.1412,0.0464,-0.0318,0.0583,0.0070,-0.0322,0.0427,0.0137,-0.0333,0.0325,0.0247,0.0729,-5.221,0.0373,None
5.2292,-0.0619,0.1248,0.0055,-0.0654,0.1412,0.0465,-0.0318,0.0583,0.0069,-0.0322,0.0426,0.0136,-0.0334,0.0325,0.0246,0.0729,-5.037,0.0373,None
5.2430,-0.0619,0.1247,0.0055,-0.0653,0.1413,0.0466,-0.0318,0.0583,0.0069,-0.0322,0.0426,0.0136,-0.0334,0.0324,0.0246,0.0730,-5.201,0.0373,None
5.2566,-0.0620,0.1247,0.0054,-0.0653,0.1414,0.0468,-0.0318,0.0583,0.0069,-0.0323,0.0426,0.0136,-0.0334,0.0324,0.0246,0.0730,-5.289,0.0373,None
5.2707,-0.0621,0.1247,0.0053,-0.0653,0.1415,0.0470,-0.0318,0.0583,0.0069,-0.0324,0.0425,0.0135,-0.0335,0.0323,0.0245,0.0730,-5.102,0.0372,None
5.2846,-0.0623,0.1246,0.0051,-0.0654,0.1417,0.0473,-0.0319,0.0582,0.0068,-0.0325,0.0425,0.0135,-0.0336,0.0322,0.0245,0.0731,-5.180,0.0372,None
5.2984,-0.0626,0.1245,0.0050,-0.0652,0.1423,0.0485,-0.0320,0.0581,0.0069,-0.0326,0.0423,0.0135,-0.0337,0.0320,0.0244,0.0731,-5.233,0.0372,None
5.3126,-0.0630,0.1243,0.0050,-0.0643,0.1441,0.0510,-0.0322,0.0579,0.0069,-0.0329,0.0421,0.0135,-0.0339,0.0317,0.0244,0.0732,-5.082,0.0371,None
5.3264,-0.0635,0.1241,0.0050,-0.0640,0.1450,0.0531,-0.0325,0.0577,0.0070,-0.0332,0.0419,0.0135,-0.0341,0.0314,0.0244,0.0734,-5.207,0.0371,None
5.3403,-0.0641,0.1239,0.0050,-0.0641,0.1455,0.0548,-0.0327,0.0574,0.0071,-0.0335,0.0416,0.0136,-0.0344,0.0311,0.0244,0.0735,-5.219,0.0370,None
5.3543,-0.0646,0.1236,0.0049,-0.0649,0.1452,0.0557,-0.0331,0.0571,0.0072,-0.0339,0.0413,0.0135,-0.0347,0.0307,0.0244,0.0737,-5.192,0.0369,None
5.3684,-0.0651,0.1235,0.0046,-0.0659,0.1449,0.0561,-0.0333,0.0569,0.0072,-0.0342,0.0411,0.0135,-0.0351,0.0304,0.0242,0.0738,-5.156,0.0369,None
5.3819,-0.0647,0.1238,0.0034,-0.0669,0.1445,0.0564,-0.0336,0.0566,0.0072,-0.0345,0.0408,0.0134,-0.0354,0.0300,0.0241,0.0741,-5.374,0.0368,None
5.3958,-0.0640,0.1243,0.0017,-0.0680,0.1441,0.0565,-0.0339,0.0564,0.0071,-0.0349,0.0406,0.0132,-0.0358,0.0297,0.0238,0.0745,-5.271,0.0367,None
5.4101,-0.0635,0.1246,0.0007,-0.0691,0.1436,0.0567,-0.0341,0.0562,0.0070,-0.0352,0.0403,0.0130,-0.0362,0.0294,0.0235,0.0747,-5.122,0.0367,None
5.4237,-0.0632,0.1248,0.0000,-0.0703,0.1432,0.0568,-0.0343,0.0559,0.0069,-0.0355,0.0401,0.0128,-0.0367,0.0291,0.0232,0.0750,-5.394,0.0366,None
5.4377,-0.0626,0.1251,-0.0009,-0.0719,0.1428,0.0571,-0.0345,0.0558,0.0067,-0.0360,0.0399,0.0123,-0.0374,0.0287,0.0225,0.0752,-5.275,0.0365,None
5.4516,-0.0624,0.1253,-0.0019,-0.0746,0.1423,0.0575,-0.0350,0.0554,0.0061,-0.0367,0.0395,0.0113,-0.0386,0.0281,0.0211,0.0754,-5.276,0.0365,None
5.4651,-0.0621,0.1254,-0.0029,-0.0778,0.1416,0.0575,-0.0355,0.0552,0.0054,-0.0374,0.0391,0.0102,-0.0399,0.0274,0.0196,0.0756,-5.458,0.0364,None
5.4790,-0.0620,0.1255,-0.0040,-0.0817,0.1405,0.0572,-0.0360,0.0548,0.0044,-0.0383,0.0387,0.0086,-0.0413,0.0267,0.0175,0.0758,-5.313,0.0364,None
5.4932,-0.0623,0.1254,-0.0055,-0.0867,0.1389,0.0557,-0.0367,0.0544,0.0030,-0.0392,0.0382,0.0067,-0.0428,0.0259,0.0150,0.0759,-5.206,0.0363,None
5.5070,-0.0629,0.1251,-0.0070,-0.0922,0.1369,0.0536,-0.0376,0.0538,0.0015,-0.0402,0.0375,0.0046,-0.0442,0.0249,0.0124,0.0760,-5.361,0.0364,None
5.5207,-0.0629,0.1251,-0.0078,-0.0959,0.1360,0.0536,-0.0383,0.0534,0.0001,-0.0408,0.0370,0.0027,-0.0452,0.0242,0.0099,0.0762,-5.425,0.0364,None
5.5346,-0.0632,0.1250,-0.0087,-0.0998,0.1351,0.0537,-0.0390,0.0528,-0.0016,-0.0415,0.0363,0.0006,-0.0462,0.0233,0.0074,0.0765,-5.402,0.0364,None
5.5489,-0.0637,0.1249,-0.0085,-0.1028,0.1340,0.0548,-0.0397,0.0522,-0.0028,-0.0421,0.0357,-0.0009,-0.0468,0.0225,0.0054,0.0767,-5.261,0.0364,None
5.5633,-0.0641,0.1247,-0.0084,-0.1059,0.1326,0.0552,-0.0402,0.0517,-0.0039,-0.0425,0.0352,-0.0024,-0.0474,0.0217,0.0036,0.0770,-5.247,0.0364,None
5.5764,-0.0644,0.1246,-0.0081,-0.1078,0.1314,0.0554,-0.0405,0.0514,-0.0044,-0.0427,0.0349,-0.0031,-0.0476,0.0213,0.0026,0.0771,-5.777,0.0364,None
5.5904,-0.0649,0.1244,-0.0077,-0.1093,0.1303,0.0555,-0.0408,0.0512,-0.0046,-0.0430,0.0346,-0.0034,-0.0478,0.0210,0.0022,0.0772,-5.451,0.0364,None
5.6044,-0.0655,0.1241,-0.0076,-0.1110,0.1291,0.0553,-0.0411,0.0509,-0.0048,-0.0432,0.0343,-0.0038,-0.0480,0.0206,0.0016,0.0772,-5.428,0.0365,None
5.6182,-0.0658,0.1240,-0.0068,-0.1117,0.1282,0.0561,-0.0413,0.0507,-0.0047,-0.0434,0.0342,-0.0038,-0.0481,0.0204,0.0016,0.0773,-5.513,0.0365,None
5.6321,-0.0659,0.1240,-0.0060,-0.1119,0.1276,0.0571,-0.0414,0.0506,-0.0045,-0.0435,0.0341,-0.0037,-0.0481,0.0203,0.0017,0.0774,-5.486,0.0366,None
5.6459,-0.0661,0.1240,-0.0051,-0.1119,0.1271,0.0584,-0.0417,0.0505,-0.0043,-0.0437,0.0340,-0.0034,-0.0482,0.0201,0.0020,0.0775,-5.510,0.0368,None
5.6597,-0.0662,0.1240,-0.0044,-0.1122,0.1265,0.0594,-0.0419,0.0503,-0.0041,-0.0439,0.0339,-0.0033,-0.0483,0.0199,0.0022,0.0775,-5.565,0.0369,None
5.6734,-0.0664,0.1240,-0.0036,-0.1120,0.1261,0.0606,-0.0421,0.0502,-0.0038,-0.0440,0.0337,-0.0030,-0.0483,0.0198,0.0026,0.0776,-5.560,0.0370,None
5.6875,-0.0665,0.1240,-0.0029,-0.1117,0.1259,0.0618,-0.0423,0.0501,-0.0036,-0.0442,0.0336,-0.0027,-0.0483,0.0196,0.0030,0.0777,-5.429,0.0371,None
5.7015,-0.0666,0.1239,-0.0024,-0.1114,0.1257,0.0629,-0.0425,0.0500,-0.0033,-0.0444,0.0335,-0.0025,-0.0484,0.0195,0.0033,0.0778,-5.458,0.0372,None
5.7152,-0.0665,0.1240,-0.0023,-0.1110,0.1258,0.0634,-0.0426,0.0499,-0.0033,-0.0445,0.0335,-0.0023,-0.0484,0.0194,0.0036,0.0779,-5.604,0.0373,None
5.7294,-0.0665,0.1240,-0.0025,-0.1107,0.1260,0.0636,-0.0427,0.0498,-0.0033,-0.0446,0.0334,-0.0023,-0.0484,0.0194,0.0037,0.0779,-5.416,0.0374,None
5.7431,-0.0665,0.1240,-0.0026,-0.1105,0.1262,0.0638,-0.0428,0.0497,-0.0034,-0.0447,0.0334,-0.0023,-0.0484,0.0193,0.0038,0.0780,-5.587,0.0375,None
5.7569,-0.0667,0.1240,-0.0026,-0.1104,0.1261,0.0642,-0.0429,0.0496,-0.0034,-0.0448,0.0333,-0.0023,-0.0485,0.0192,0.0040,0.0781,-5.584,0.0375,None
5.7714,-0.0669,0.1239,-0.0026,-0.1105,0.1259,0.0645,-0.0431,0.0495,-0.0033,-0.0450,0.0331,-0.0022,-0.0485,0.0191,0.0041,0.0781,-5.278,0.0376,None
5.7848,-0.0674,0.1236,-0.0026,-0.1109,0.1255,0.0648,-0.0433,0.0492,-0.0033,-0.0452,0.0329,-0.0022,-0.0486,0.0189,0.0041,0.0782,-5.734,0.0376,None
5.7986,-0.0679,0.1234,-0.0027,-0.1113,0.1251,0.0650,-0.0436,0.0490,-0.0034,-0.0454,0.0327,-0.0022,-0.0487,0.0186,0.0042,0.0782,-5.582,0.0377,None
5.8128,-0.0683,0.1231,-0.0031,-0.1119,0.1248,0.0649,-0.0438,0.0488,-0.0035,-0.0456,0.0325,-0.0024,-0.0489,0.0184,0.0041,0.0783,-5.435,0.0377,None
5.8265,-0.0687,0.1229,-0.0037,-0.1123,0.1247,0.0643,-0.0440,0.0486,-0.0038,-0.0457,0.0323,-0.0026,-0.0490,0.0182,0.0040,0.0783,-5.594,0.0378,None
5.8405,-0.0692,0.1227,-0.0044,-0.1128,0.1246,0.0637,-0.0443,0.0484,-0.0041,-0.0459,0.0321,-0.0028,-0.0491,0.0181,0.0039,0.0784,-5.441,0.0378,None
5.8544,-0.0695,0.1225,-0.0052,-0.1131,0.1248,0.0629,-0.0444,0.0482,-0.0044,-0.0460,0.0320,-0.0030,-0.0491,0.0180,0.0038,0.0784,-5.520,0.0379,None
5.8683,-0.0697,0.1223,-0.0059,-0.1131,0.1250,0.0624,-0.0445,0.0481,-0.0047,-0.0461,0.0319,-0.0032,-0.0492,0.0179,0.0037,0.0784,-5.511,0.0380,None
5.8822,-0.0700,0.1221,-0.0066,-0.1132,0.1253,0.0618,-0.0446,0.0480,-0.0049,-0.0462,0.0318,-0.0033,-0.0492,0.0179,0.0037,0.0783,-5.513,0.0380,None
5.8959,-0.0703,0.1219,-0.0072,-0.1132,0.1254,0.0614,-0.0448,0.0480,-0.0052,-0.0463,0.0318,-0.0034,-0.0493,0.0179,0.0036,0.0782,-5.611,0.0382,None
5.9101,-0.0709,0.1215,-0.0080,-0.1135,0.1254,0.0610,-0.0453,0.0479,-0.0057,-0.0465,0.0317,-0.0037,-0.0494,0.0179,0.0034,0.0779,-5.446,0.0386,None
5.9238,-0.0724,0.1203,-0.0105,-0.1138,0.1253,0.0605,-0.0464,0.0478,-0.0070,-0.0467,0.0316,-0.0039,-0.0496,0.0179,0.0032,0.0771,-5.589,0.0399,None
5.9377,-0.0749,0.1183,-0.0139,-0.1152,0.1246,0.0596,-0.0554,0.0494,-0.0123,-0.0474,0.0311,-0.0045,-0.0501,0.0175,0.0026,0.0716,-5.474,0.0472,None
5.9518,-0.0776,0.1161,-0.0171,-0.1159,0.1244,0.0608,-0.0672,0.0521,-0.0163,-0.0498,0.0310,-0.0061,-0.0511,0.0169,0.0009,0.0648,-4.968,0.0550,None
5.9655,-0.0804,0.1136,-0.0201,-0.1163,0.1244,0.0627,-0.0757,0.0530,-0.0192,-0.0540,0.0314,-0.0083,-0.0533,0.0168,-0.0014,0.0608,-4.597,0.0607,None
5.9798,-0.0831,0.1108,-0.0232,-0.1183,0.1241,0.0606,-0.0804,0.0533,-0.0213,-0.0569,0.0314,-0.0107,-0.0546,0.0165,-0.0034,0.0576,-4.102,0.0632,None
5.9935,-0.0870,0.1055,-0.0275,-0.1203,0.1239,0.0569,-0.0879,0.0546,-0.0249,-0.0570,0.0309,-0.0122,-0.0547,0.0162,-0.0047,0.0510,-3.838,0.0693,None
6.0072,-0.0980,0.0918,-0.0308,-0.1207,0.1245,0.0548,-0.0988,0.0586,-0.0277,-0.0568,0.0311,-0.0132,-0.0545,0.0164,-0.0055,0.0334,-2.842,0.0785,None
6.0212,-0.1046,0.0807,-0.0327,-0.1209,0.1252,0.0528,-0.1055,0.0618,-0.0285,-0.0566,0.0313,-0.0140,-0.0544,0.0167,-0.0062,0.0193,-1.670,0.0837,None
6.0350,-0.1075,0.0748,-0.0326,-0.1200,0.1262,0.0523,-0.1090,0.0643,-0.0283,-0.0563,0.0318,-0.0140,-0.0542,0.0172,-0.0062,0.0114,-1.004,0.0868,None
6.0491,-0.1072,0.0752,-0.0320,-0.1196,0.1270,0.0500,-0.1096,0.0657,-0.0277,-0.0561,0.0323,-0.0137,-0.0540,0.0178,-0.0058,0.0107,-0.820,0.0876,None
6.0627,-0.1069,0.0755,-0.0315,-0.1209,0.1264,0.0443,-0.1098,0.0669,-0.0271,-0.0558,0.0328,-0.0134,-0.0537,0.0183,-0.0053,0.0101,-0.781,0.0882,None
6.0769,-0.1069,0.0754,-0.0306,-0.1217,0.1256,0.0388,-0.1094,0.0674,-0.0266,-0.0556,0.0332,-0.0130,-0.0536,0.0188,-0.0048,0.0093,-0.683,0.0881,None
6.0908,-0.1072,0.0748,-0.0293,-0.1218,0.1251,0.0354,-0.1091,0.0675,-0.0260,-0.0555,0.0333,-0.0124,-0.0533,0.0191,-0.0038,0.0082,-0.592,0.0878,None
6.1044,-0.1075,0.0740,-0.0278,-0.1213,0.1250,0.0330,-0.1087,0.0676,-0.0252,-0.0554,0.0335,-0.0118,-0.0527,0.0195,-0.0021,0.0070,-0.521,0.0876,None
6.1184,-0.1079,0.0732,-0.0264,-0.1204,0.1258,0.0328,-0.1085,0.0672,-0.0244,-0.0554,0.0335,-0.0111,-0.0520,0.0198,0.0000,0.0064,-0.430,0.0873,None
6.1323,-0.1081,0.0731,-0.0255,-0.1193,0.1267,0.0328,-0.1077,0.0665,-0.0238,-0.0554,0.0336,-0.0104,-0.0514,0.0201,0.0018,0.0068,-0.417,0.0866,None
6.1458,-0.1081,0.0732,-0.0251,-0.1182,0.1277,0.0324,-0.1070,0.0662,-0.0237,-0.0552,0.0337,-0.0099,-0.0510,0.0205,0.0028,0.0072,-0.499,0.0862,None
6.1605,-0.1080,0.0733,-0.0247,-0.1172,0.1287,0.0320,-0.1063,0.0658,-0.0237,-0.0550,0.0339,-0.0095,-0.0508,0.0210,0.0037,0.0077,-0.492,0.0858,None
6.1738,-0.1076,0.0737,-0.0248,-0.1160,0.1299,0.0313,-0.1058,0.0662,-0.0238,-0.0547,0.0342,-0.0093,-0.0506,0.0215,0.0039,0.0078,-0.613,0.0857,None
6.1881,-0.1068,0.0748,-0.0250,-0.1144,0.1315,0.0305,-0.1051,0.0674,-0.0240,-0.0542,0.0348,-0.0094,-0.0504,0.0222,0.0039,0.0076,-0.609,0.0858,None
6.2020,-0.1059,0.0757,-0.0252,-0.1127,0.1330,0.0297,-0.1045,0.0685,-0.0243,-0.0537,0.0354,-0.0094,-0.0502,0.0229,0.0039,0.0075,-0.615,0.0860,None
6.2159,-0.1050,0.0769,-0.0254,-0.1110,0.1345,0.0293,-0.1064,0.0716,-0.0240,-0.0532,0.0360,-0.0095,-0.0499,0.0236,0.0039,0.0058,-0.610,0.0884,None
6.2294,-0.1041,0.0781,-0.0255,-0.1093,0.1360,0.0291,-0.1097,0.0757,-0.0229,-0.0527,0.0366,-0.0096,-0.0497,0.0243,0.0039,0.0066,-0.517,0.0918,None
6.2434,-0.1032,0.0792,-0.0255,-0.1075,0.1374,0.0288,-0.1118,0.0793,-0.0218,-0.0523,0.0372,-0.0096,-0.0494,0.0250,0.0039,0.0094,-0.547,0.0944,None
6.2571,-0.1025,0.0800,-0.0253,-0.1059,0.1387,0.0286,-0.1127,0.0818,-0.0209,-0.0519,0.0377,-0.0096,-0.0492,0.0256,0.0041,0.0113,-0.709,0.0958,None
6.2712,-0.1020,0.0807,-0.0251,-0.1045,0.1399,0.0285,-0.1124,0.0829,-0.0206,-0.0516,0.0380,-0.0095,-0.0489,0.0262,0.0043,0.0115,-0.799,0.0961,None
6.2849,-0.1016,0.0812,-0.0249,-0.1033,0.1408,0.0282,-0.1119,0.0836,-0.0204,-0.0513,0.0383,-0.0094,-0.0487,0.0266,0.0045,0.0115,-0.840,0.0961,None
6.2989,-0.1012,0.0817,-0.0248,-0.1021,0.1417,0.0280,-0.1114,0.0843,-0.0203,-0.0511,0.0386,-0.0093,-0.0485,0.0271,0.0047,0.0115,-0.812,0.0962,None
6.3130,-0.1010,0.0819,-0.0245,-0.1013,0.1423,0.0279,-0.1112,0.0847,-0.0200,-0.0509,0.0388,-0.0091,-0.0483,0.0274,0.0050,0.0115,-0.786,0.0962,None
6.3265,-0.1009,0.0821,-0.0242,-0.1006,0.1429,0.0278,-0.1110,0.0851,-0.0198,-0.0506,0.0389,-0.0089,-0.0481,0.0277,0.0052,0.0114,-0.817,0.0962,None
6.3409,-0.1007,0.0824,-0.0239,-0.0998,0.1434,0.0277,-0.1108,0.0854,-0.0195,-0.0504,0.0390,-0.0086,-0.0480,0.0280,0.0055,0.0114,-0.764,0.0963,None
6.3543,-0.1006,0.0827,-0.0231,-0.0988,0.1440,0.0281,-0.1105,0.0858,-0.0187,-0.0503,0.0392,-0.0082,-0.0477,0.0284,0.0060,0.0113,-0.800,0.0963,None
6.3685,-0.1003,0.0833,-0.0220,-0.0976,0.1447,0.0288,-0.1101,0.0864,-0.0176,-0.0500,0.0395,-0.0076,-0.0474,0.0288,0.0067,0.0111,-0.761,0.0962,None
6.3822,-0.1000,0.0839,-0.0209,-0.0962,0.1454,0.0296,-0.1096,0.0870,-0.0165,-0.0497,0.0398,-0.0070,-0.0471,0.0292,0.0073,0.0110,-0.782,0.0961,None
6.3964,-0.0994,0.0849,-0.0193,-0.0943,0.1464,0.0310,-0.1088,0.0880,-0.0149,-0.0493,0.0404,-0.0061,-0.0466,0.0299,0.0082,0.0108,-0.747,0.0961,None
6.4102,-0.0984,0.0865,-0.0175,-0.0918,0.1475,0.0329,-0.1076,0.0894,-0.0131,-0.0487,0.0411,-0.0051,-0.0460,0.0306,0.0091,0.0106,-0.781,0.0959,None
6.4238,-0.0973,0.0880,-0.0157,-0.0892,0.1485,0.0347,-0.1063,0.0908,-0.0113,-0.0480,0.0418,-0.0041,-0.0454,0.0313,0.0099,0.0104,-0.785,0.0958,None
6.4379,-0.0961,0.0896,-0.0140,-0.0866,0.1496,0.0366,-0.1049,0.0922,-0.0095,-0.0473,0.0425,-0.0032,-0.0448,0.0320,0.0107,0.0102,-0.754,0.0957,None
6.4522,-0.0936,0.0928,-0.0114,-0.0822,0.1510,0.0405,-0.0998,0.0903,-0.0096,-0.0459,0.0437,-0.0015,-0.0437,0.0329,0.0120,0.0070,-0.764,0.0928,None
6.4657,-0.0856,0.1018,-0.0125,-0.0771,0.1517,0.0423,-0.0773,0.0736,-0.0145,-0.0438,0.0454,0.0007,-0.0420,0.0344,0.0139,0.0295,-1.248,0.0753,None
6.4795,-0.0752,0.1120,-0.0158,-0.0729,0.1512,0.0422,-0.0634,0.0679,-0.0124,-0.0415,0.0471,0.0030,-0.0400,0.0359,0.0159,0.0457,-2.692,0.0659,None
6.4933,-0.0660,0.1197,-0.0150,-0.0685,0.1504,0.0416,-0.0429,0.0623,-0.0048,-0.0391,0.0487,0.0052,-0.0377,0.0373,0.0183,0.0626,-3.642,0.0489,None
6.5076,-0.0634,0.1215,-0.0131,-0.0680,0.1465,0.0369,-0.0343,0.0613,0.0003,-0.0377,0.0493,0.0066,-0.0363,0.0379,0.0198,0.0682,-4.394,0.0412,None
6.5213,-0.0610,0.1230,-0.0109,-0.0660,0.1439,0.0346,-0.0299,0.0617,0.0033,-0.0364,0.0498,0.0079,-0.0349,0.0384,0.0211,0.0702,-4.959,0.0378,None
6.5350,-0.0626,0.1223,-0.0097,-0.0675,0.1414,0.0340,-0.0297,0.0612,0.0043,-0.0366,0.0492,0.0086,-0.0349,0.0378,0.0219,0.0708,-5.068,0.0369,None
6.5492,-0.0660,0.1205,-0.0097,-0.0710,0.1396,0.0342,-0.0312,0.0603,0.0043,-0.0378,0.0481,0.0087,-0.0359,0.0368,0.0220,0.0709,-4.908,0.0369,None
6.5631,-0.0687,0.1189,-0.0096,-0.0738,0.1382,0.0345,-0.0322,0.0595,0.0044,-0.0386,0.0471,0.0088,-0.0365,0.0358,0.0222,0.0710,-5.019,0.0367,None
6.5767,-0.0710,0.1174,-0.0104,-0.0766,0.1371,0.0341,-0.0334,0.0589,0.0040,-0.0394,0.0463,0.0084,-0.0374,0.0350,0.0218,0.0711,-5.123,0.0367,None
6.5907,-0.0722,0.1165,-0.0115,-0.0782,0.1368,0.0337,-0.0341,0.0584,0.0034,-0.0399,0.0458,0.0078,-0.0381,0.0345,0.0213,0.0711,-4.992,0.0369,None
6.6048,-0.0732,0.1157,-0.0123,-0.0794,0.1370,0.0339,-0.0351,0.0579,0.0025,-0.0403,0.0453,0.0074,-0.0386,0.0340,0.0208,0.0709,-4.964,0.0375,None
6.6186,-0.0737,0.1153,-0.0131,-0.0803,0.1368,0.0335,-0.0363,0.0573,0.0012,-0.0405,0.0450,0.0069,-0.0390,0.0337,0.0204,0.0705,-5.044,0.0388,None
6.6327,-0.0738,0.1151,-0.0135,-0.0807,0.1367,0.0332,-0.0370,0.0570,0.0004,-0.0405,0.0448,0.0067,-0.0391,0.0335,0.0201,0.0702,-4.896,0.0397,None
6.6462,-0.0739,0.1151,-0.0136,-0.0809,0.1367,0.0331,-0.0373,0.0568,0.0000,-0.0405,0.0447,0.0065,-0.0393,0.0334,0.0200,0.0701,-5.103,0.0401,None
6.6602,-0.0739,0.1150,-0.0136,-0.0810,0.1367,0.0331,-0.0374,0.0568,-0.0002,-0.0405,0.0445,0.0064,-0.0393,0.0332,0.0199,0.0700,-4.903,0.0402,None
6.6739,-0.0740,0.1150,-0.0136,-0.0812,0.1366,0.0331,-0.0375,0.0567,-0.0004,-0.0405,0.0444,0.0063,-0.0394,0.0331,0.0198,0.0700,-5.034,0.0403,None
6.6878,-0.0740,0.1150,-0.0134,-0.0814,0.1365,0.0331,-0.0376,0.0567,-0.0005,-0.0404,0.0443,0.0062,-0.0395,0.0330,0.0197,0.0699,-4.951,0.0404,None
6.7019,-0.0741,0.1149,-0.0133,-0.0816,0.1364,0.0330,-0.0377,0.0567,-0.0007,-0.0404,0.0441,0.0061,-0.0396,0.0328,0.0195,0.0698,-4.884,0.0405,None
6.7157,-0.0742,0.1148,-0.0132,-0.0820,0.1362,0.0330,-0.0379,0.0566,-0.0010,-0.0405,0.0440,0.0059,-0.0397,0.0327,0.0193,0.0697,-5.001,0.0408,None
6.7299,-0.0743,0.1147,-0.0133,-0.0824,0.1360,0.0328,-0.0399,0.0562,-0.0026,-0.0409,0.0438,0.0052,-0.0401,0.0325,0.0186,0.0687,-4.858,0.0431,None
6.7435,-0.0744,0.1146,-0.0135,-0.0830,0.1358,0.0325,-0.0440,0.0565,-0.0051,-0.0415,0.0436,0.0043,-0.0407,0.0323,0.0175,0.0661,-4.972,0.0473,None
6.7575,-0.0745,0.1144,-0.0143,-0.0840,0.1355,0.0314,-0.0530,0.0586,-0.0099,-0.0423,0.0434,0.0029,-0.0418,0.0319,0.0153,0.0599,-4.697,0.0562,None
6.7715,-0.0749,0.1140,-0.0149,-0.0854,0.1350,0.0308,-0.0698,0.0685,-0.0116,-0.0434,0.0432,0.0015,-0.0448,0.0319,0.0113,0.0459,-4.217,0.0697,None
6.7852,-0.0753,0.1136,-0.0156,-0.0864,0.1356,0.0318,-0.0783,0.0753,-0.0106,-0.0463,0.0435,-0.0014,-0.0476,0.0321,0.0078,0.0388,-3.278,0.0762,None
6.7990,-0.0762,0.1129,-0.0159,-0.0869,0.1369,0.0347,-0.0903,0.0866,-0.0058,-0.0505,0.0444,-0.0047,-0.0490,0.0338,0.0046,0.0315,-2.732,0.0862,None
6.8133,-0.0791,0.1099,-0.0140,-0.0862,0.1402,0.0420,-0.0993,0.0967,0.0023,-0.0620,0.0501,-0.0077,-0.0499,0.0360,0.0025,0.0291,-1.876,0.0940,None
6.8268,-0.0831,0.1059,-0.0117,-0.0843,0.1439,0.0502,-0.1042,0.1028,0.0083,-0.0766,0.0596,-0.0081,-0.0576,0.0412,0.0006,0.0293,-1.722,0.0984,None
6.8406,-0.0887,0.1001,-0.0081,-0.0832,0.1458,0.0556,-0.1072,0.1056,0.0116,-0.0849,0.0652,-0.0070,-0.0637,0.0447,-0.0001,0.0276,-1.650,0.1007,None
6.8546,-0.0925,0.0960,-0.0060,-0.0838,0.1460,0.0556,-0.1079,0.1052,0.0109,-0.0851,0.0646,-0.0076,-0.0639,0.0443,-0.0005,0.0246,-1.771,0.1007,None
6.8686,-0.0934,0.0951,-0.0059,-0.0838,0.1463,0.0546,-0.1082,0.1046,0.0105,-0.0849,0.0637,-0.0076,-0.0636,0.0438,-0.0003,0.0241,-1.729,0.1006,None
6.8824,-0.0940,0.0944,-0.0059,-0.0838,0.1466,0.0539,-0.1084,0.1041,0.0102,-0.0824,0.0608,-0.0086,-0.0633,0.0433,-0.0001,0.0237,-1.725,0.1005,None
6.8962,-0.0942,0.0941,-0.0061,-0.0834,0.1473,0.0525,-0.1067,0.0985,0.0039,-0.0681,0.0504,-0.0095,-0.0542,0.0381,0.0021,0.0166,-1.698,0.0979,None
6.9103,-0.0945,0.0938,-0.0061,-0.0848,0.1466,0.0489,-0.1046,0.0930,-0.0011,-0.0586,0.0455,-0.0068,-0.0487,0.0360,0.0059,0.0113,-1.140,0.0955,None
6.9242,-0.0948,0.0934,-0.0060,-0.0876,0.1444,0.0430,-0.1032,0.0893,-0.0039,-0.0534,0.0434,-0.0042,-0.0456,0.0352,0.0088,0.0096,-0.786,0.0938,None
6.9381,-0.0952,0.0930,-0.0053,-0.0889,0.1430,0.0395,-0.1031,0.0882,-0.0035,-0.0528,0.0431,-0.0031,-0.0448,0.0352,0.0103,0.0094,-0.649,0.0934,None
6.9522,-0.0958,0.0925,-0.0038,-0.0886,0.1428,0.0389,-0.1034,0.0875,-0.0018,-0.0530,0.0429,-0.0020,-0.0445,0.0352,0.0112,0.0093,-0.607,0.0933,None
6.9661,-0.0964,0.0920,-0.0022,-0.0878,0.1432,0.0394,-0.1037,0.0869,0.0002,-0.0530,0.0426,-0.0009,-0.0442,0.0353,0.0123,0.0092,-0.601,0.0932,None
6.9795,-0.0968,0.0914,-0.0004,-0.0870,0.1435,0.0398,-0.1039,0.0864,0.0023,-0.0531,0.0424,0.0004,-0.0439,0.0353,0.0134,0.0091,-0.611,0.0931,None
6.9935,-0.0968,0.0914,0.0014,-0.0857,0.1440,0.0407,-0.1037,0.0863,0.0044,-0.0529,0.0424,0.0016,-0.0434,0.0355,0.0144,0.0090,-0.621,0.0931,None
7.0078,-0.0964,0.0918,0.0028,-0.0840,0.1449,0.0414,-0.1031,0.0868,0.0059,-0.0525,0.0427,0.0025,-0.0429,0.0359,0.0152,0.0089,-0.646,0.0930,None
7.0217,-0.0959,0.0922,0.0040,-0.0824,0.1457,0.0420,-0.1024,0.0873,0.0074,-0.0520,0.0430,0.0033,-0.0423,0.0362,0.0161,0.0088,-0.657,0.0930,None
7.0353,-0.0951,0.0930,0.0050,-0.0803,0.1468,0.0425,-0.1015,0.0882,0.0086,-0.0514,0.0434,0.0041,-0.0416,0.0368,0.0168,0.0088,-0.704,0.0929,None
7.0494,-0.0940,0.0940,0.0057,-0.0779,0.1481,0.0427,-0.1003,0.0893,0.0094,-0.0506,0.0441,0.0046,-0.0407,0.0374,0.0175,0.0087,-0.697,0.0928,None
7.0630,-0.0929,0.0950,0.0063,-0.0756,0.1493,0.0428,-0.0991,0.0904,0.0101,-0.0498,0.0446,0.0051,-0.0399,0.0380,0.0182,0.0086,-0.707,0.0928,None
7.0770,-0.0913,0.0966,0.0060,-0.0728,0.1509,0.0422,-0.0974,0.0919,0.0099,-0.0478,0.0454,0.0056,-0.0389,0.0389,0.0185,0.0086,-0.755,0.0926,None
7.0910,-0.0873,0.1005,0.0065,-0.0669,0.1532,0.0430,-0.0921,0.0930,0.0097,-0.0417,0.0471,0.0084,-0.0367,0.0404,0.0197,0.0094,-0.939,0.0906,None
7.1048,-0.0788,0.1100,-0.0033,-0.0610,0.1552,0.0438,-0.0847,0.0909,0.0079,-0.0365,0.0486,0.0109,-0.0345,0.0418,0.0209,0.0229,-1.791,0.0860,None
7.1186,-0.0701,0.1167,-0.0066,-0.0644,0.1447,0.0302,-0.0598,0.0727,-0.0013,-0.0333,0.0506,0.0111,-0.0318,0.0438,0.0212,0.0455,-2.305,0.0651,None
7.1327,-0.0596,0.1240,-0.0068,-0.0617,0.1375,0.0226,-0.0362,0.0649,0.0005,-0.0305,0.0520,0.0115,-0.0295,0.0451,0.0217,0.0640,-3.663,0.0459,None
7.1463,-0.0574,0.1253,-0.0048,-0.0598,0.1357,0.0235,-0.0256,0.0633,0.0047,-0.0294,0.0521,0.0127,-0.0284,0.0450,0.0229,0.0703,-4.825,0.0363,None
7.1603,-0.0556,0.1263,-0.0026,-0.0578,0.1348,0.0251,-0.0210,0.0636,0.0074,-0.0283,0.0522,0.0138,-0.0277,0.0446,0.0243,0.0723,-5.134,0.0325,None
7.1741,-0.0584,0.1251,-0.0002,-0.0602,0.1335,0.0283,-0.0208,0.0631,0.0093,-0.0290,0.0512,0.0151,-0.0283,0.0433,0.0256,0.0731,-5.231,0.0310,None
7.1883,-0.0620,0.1234,0.0017,-0.0621,0.1359,0.0342,-0.0224,0.0624,0.0103,-0.0301,0.0500,0.0161,-0.0292,0.0421,0.0265,0.0732,-5.092,0.0308,None
7.2021,-0.0652,0.1217,0.0035,-0.0609,0.1427,0.0442,-0.0236,0.0618,0.0113,-0.0310,0.0490,0.0170,-0.0299,0.0409,0.0273,0.0734,-5.253,0.0305,None
7.2158,-0.0676,0.1204,0.0045,-0.0614,0.1448,0.0491,-0.0246,0.0613,0.0119,-0.0317,0.0482,0.0176,-0.0305,0.0400,0.0278,0.0735,-5.280,0.0304,None
7.2302,-0.0689,0.1196,0.0047,-0.0623,0.1450,0.0507,-0.0252,0.0610,0.0121,-0.0321,0.0477,0.0178,-0.0309,0.0395,0.0280,0.0735,-5.042,0.0303,None
7.2437,-0.0702,0.1189,0.0050,-0.0633,0.1448,0.0519,-0.0258,0.0607,0.0123,-0.0324,0.0472,0.0180,-0.0313,0.0390,0.0282,0.0736,-5.342,0.0303,None
7.2575,-0.0707,0.1186,0.0051,-0.0640,0.1444,0.0520,-0.0260,0.0606,0.0123,-0.0324,0.0470,0.0181,-0.0314,0.0387,0.0283,0.0736,-5.274,0.0303,None
7.2716,-0.0706,0.1186,0.0051,-0.0643,0.1441,0.0520,-0.0260,0.0606,0.0124,-0.0323,0.0469,0.0181,-0.0314,0.0386,0.0283,0.0736,-5.129,0.0304,None
7.2853,-0.0705,0.1187,0.0049,-0.0644,0.1440,0.0518,-0.0260,0.0605,0.0123,-0.0322,0.0468,0.0181,-0.0315,0.0384,0.0283,0.0736,-5.299,0.0304,None
7.2992,-0.0703,0.1188,0.0047,-0.0646,0.1438,0.0516,-0.0261,0.0605,0.0122,-0.0322,0.0467,0.0180,-0.0315,0.0383,0.0282,0.0736,-5.205,0.0305,None
7.3132,-0.0703,0.1189,0.0045,-0.0648,0.1436,0.0513,-0.0262,0.0605,0.0121,-0.0321,0.0466,0.0179,-0.0316,0.0381,0.0281,0.0736,-5.176,0.0306,None
7.3274,-0.0701,0.1190,0.0044,-0.0650,0.1435,0.0511,-0.0263,0.0605,0.0119,-0.0321,0.0466,0.0178,-0.0317,0.0380,0.0281,0.0735,-5.131,0.0308,None
7.3409,-0.0700,0.1190,0.0043,-0.0652,0.1434,0.0509,-0.0264,0.0604,0.0118,-0.0321,0.0465,0.0177,-0.0318,0.0379,0.0280,0.0735,-5.333,0.0309,None
7.3547,-0.0699,0.1191,0.0043,-0.0653,0.1432,0.0507,-0.0270,0.0601,0.0114,-0.0321,0.0464,0.0176,-0.0318,0.0378,0.0279,0.0733,-5.244,0.0316,None
7.3690,-0.0698,0.1192,0.0044,-0.0656,0.1428,0.0502,-0.0276,0.0597,0.0110,-0.0321,0.0463,0.0176,-0.0319,0.0377,0.0279,0.0732,-5.020,0.0324,None
7.3831,-0.0697,0.1193,0.0044,-0.0660,0.1423,0.0497,-0.0281,0.0595,0.0106,-0.0321,0.0462,0.0175,-0.0320,0.0376,0.0278,0.0731,-5.104,0.0330,None
7.3965,-0.0695,0.1193,0.0044,-0.0664,0.1417,0.0489,-0.0285,0.0593,0.0103,-0.0321,0.0461,0.0173,-0.0321,0.0375,0.0277,0.0730,-5.362,0.0334,None
7.4110,-0.0695,0.1194,0.0043,-0.0668,0.1412,0.0483,-0.0286,0.0593,0.0102,-0.0322,0.0461,0.0172,-0.0322,0.0374,0.0276,0.0729,-4.941,0.0336,None
7.4244,-0.0694,0.1194,0.0043,-0.0671,0.1408,0.0479,-0.0289,0.0592,0.0100,-0.0322,0.0460,0.0171,-0.0324,0.0373,0.0275,0.0728,-5.344,0.0338,None
7.4381,-0.0695,0.1194,0.0040,-0.0675,0.1407,0.0476,-0.0295,0.0590,0.0096,-0.0324,0.0459,0.0169,-0.0326,0.0372,0.0273,0.0726,-5.241,0.0345,None
7.4518,-0.0697,0.1192,0.0036,-0.0681,0.1405,0.0474,-0.0366,0.0586,0.0067,-0.0334,0.0457,0.0161,-0.0335,0.0370,0.0263,0.0691,-5.202,0.0415,None
7.4655,-0.0708,0.1186,0.0024,-0.0700,0.1402,0.0467,-0.0504,0.0624,0.0046,-0.0361,0.0454,0.0143,-0.0368,0.0365,0.0232,0.0598,-4.967,0.0533,None
7.4794,-0.0721,0.1177,0.0009,-0.0683,0.1440,0.0506,-0.0609,0.0686,0.0055,-0.0420,0.0461,0.0114,-0.0422,0.0368,0.0193,0.0505,-4.202,0.0613,None
7.4933,-0.0752,0.1153,0.0003,-0.0644,0.1493,0.0579,-0.0840,0.0883,0.0151,-0.0586,0.0525,0.0084,-0.0525,0.0399,0.0152,0.0320,-3.461,0.0826,None
7.5073,-0.0793,0.1115,0.0001,-0.0625,0.1524,0.0626,-0.0950,0.1001,0.0232,-0.0716,0.0581,0.0074,-0.0613,0.0432,0.0131,0.0302,-1.988,0.0938,None
7.5211,-0.0846,0.1064,0.0011,-0.0640,0.1534,0.0645,-0.1008,0.1039,0.0260,-0.0793,0.0607,0.0065,-0.0673,0.0454,0.0113,0.0297,-1.834,0.0982,None
7.5351,-0.0907,0.1005,0.0039,-0.0667,0.1530,0.0641,-0.1045,0.1022,0.0257,-0.0810,0.0583,0.0056,-0.0684,0.0434,0.0107,0.0258,-1.776,0.0990,None
7.5493,-0.0943,0.0968,0.0060,-0.0692,0.1524,0.0632,-0.1066,0.0995,0.0267,-0.0819,0.0556,0.0068,-0.0686,0.0412,0.0119,0.0243,-1.642,0.0989,None
7.5630,-0.0971,0.0937,0.0075,-0.0715,0.1517,0.0624,-0.1086,0.0969,0.0279,-0.0793,0.0497,0.0059,-0.0588,0.0339,0.0125,0.0236,-1.663,0.0989,None
7.5767,-0.0987,0.0918,0.0088,-0.0726,0.1517,0.0611,-0.1091,0.0913,0.0255,-0.0640,0.0417,0.0064,-0.0492,0.0312,0.0167,0.0197,-1.604,0.0971,None
7.5909,-0.0993,0.0910,0.0104,-0.0776,0.1488,0.0566,-0.1081,0.0853,0.0227,-0.0559,0.0402,0.0094,-0.0446,0.0316,0.0204,0.0162,-1.271,0.0947,None
7.6046,-0.0999,0.0900,0.0121,-0.0825,0.1450,0.0523,-0.1073,0.0812,0.0220,-0.0523,0.0401,0.0117,-0.0421,0.0320,0.0227,0.0152,-1.067,0.0932,None
7.6184,-0.0996,0.0901,0.0134,-0.0846,0.1426,0.0492,-0.1060,0.0801,0.0225,-0.0512,0.0404,0.0127,-0.0406,0.0327,0.0238,0.0150,-1.075,0.0924,None
7.6326,-0.0987,0.0909,0.0148,-0.0828,0.1436,0.0485,-0.1046,0.0808,0.0240,-0.0504,0.0409,0.0135,-0.0396,0.0335,0.0245,0.0148,-1.089,0.0921,None
7.6466,-0.0976,0.0919,0.0158,-0.0803,0.1451,0.0483,-0.1032,0.0821,0.0252,-0.0496,0.0415,0.0141,-0.0386,0.0342,0.0250,0.0147,-1.109,0.0920,None
7.6601,-0.0965,0.0929,0.0167,-0.0778,0.1466,0.0480,-0.1017,0.0832,0.0263,-0.0487,0.0422,0.0147,-0.0376,0.0350,0.0254,0.0146,-1.141,0.0919,None
7.6741,-0.0950,0.0942,0.0176,-0.0749,0.1482,0.0479,-0.1001,0.0847,0.0273,-0.0478,0.0429,0.0152,-0.0366,0.0358,0.0258,0.0145,-1.108,0.0919,None
7.6883,-0.0933,0.0957,0.0183,-0.0717,0.1500,0.0475,-0.0982,0.0864,0.0280,-0.0467,0.0438,0.0156,-0.0355,0.0367,0.0261,0.0143,-1.086,0.0918,None
7.7020,-0.0916,0.0972,0.0189,-0.0685,0.1516,0.0471,-0.0964,0.0881,0.0287,-0.0456,0.0446,0.0159,-0.0344,0.0375,0.0264,0.0142,-1.118,0.0918,None
7.7156,-0.0901,0.0986,0.0189,-0.0657,0.1532,0.0462,-0.0947,0.0897,0.0287,-0.0447,0.0454,0.0159,-0.0335,0.0383,0.0264,0.0141,-1.132,0.0917,None
7.7300,-0.0869,0.1015,0.0188,-0.0606,0.1555,0.0457,-0.0915,0.0923,0.0291,-0.0429,0.0468,0.0162,-0.0319,0.0395,0.0265,0.0146,-1.169,0.0915,None
7.7435,-0.0839,0.1047,0.0179,-0.0554,0.1576,0.0450,-0.0882,0.0948,0.0294,-0.0411,0.0481,0.0164,-0.0303,0.0407,0.0267,0.0158,-1.330,0.0912,None
7.7573,-0.0773,0.1114,0.0121,-0.0541,0.1551,0.0404,-0.0784,0.0881,0.0213,-0.0381,0.0504,0.0159,-0.0278,0.0428,0.0263,0.0251,-1.848,0.0829,None
7.7719,-0.0697,0.1180,0.0048,-0.0544,0.1492,0.0357,-0.0535,0.0693,0.0092,-0.0340,0.0526,0.0162,-0.0238,0.0448,0.0275,0.0515,-2.343,0.0595,None
7.7853,-0.0593,0.1248,-0.0018,-0.0525,0.1436,0.0308,-0.0391,0.0660,0.0066,-0.0297,0.0545,0.0165,-0.0201,0.0466,0.0285,0.0628,-4.180,0.0493,None
7.7991,-0.0565,0.1264,-0.0018,-0.0513,0.1415,0.0312,-0.0267,0.0645,0.0074,-0.0276,0.0549,0.0176,-0.0183,0.0469,0.0300,0.0693,-4.626,0.0386,None
7.8133,-0.0582,0.1256,0.0004,-0.0528,0.1405,0.0338,-0.0219,0.0643,0.0091,-0.0274,0.0543,0.0189,-0.0183,0.0463,0.0311,0.0718,-4.918,0.0332,None
7.8270,-0.0611,0.1243,0.0026,-0.0555,0.1391,0.0365,-0.0217,0.0639,0.0105,-0.0282,0.0533,0.0200,-0.0190,0.0454,0.0320,0.0725,-5.263,0.0317,None
7.8408,-0.0636,0.1230,0.0046,-0.0551,0.1432,0.0421,-0.0221,0.0636,0.0116,-0.0287,0.0524,0.0210,-0.0195,0.0446,0.0328,0.0728,-5.315,0.0310,None
7.8549,-0.0660,0.1217,0.0059,-0.0548,0.1463,0.0462,-0.0231,0.0630,0.0122,-0.0294,0.0515,0.0216,-0.0201,0.0439,0.0334,0.0729,-5.148,0.0309,None
7.8686,-0.0678,0.1207,0.0066,-0.0560,0.1464,0.0477,-0.0240,0.0626,0.0125,-0.0299,0.0509,0.0219,-0.0207,0.0434,0.0337,0.0730,-5.286,0.0310,None
7.8827,-0.0696,0.1197,0.0074,-0.0575,0.1460,0.0489,-0.0249,0.0622,0.0129,-0.0304,0.0503,0.0222,-0.0213,0.0428,0.0340,0.0730,-5.163,0.0310,None
7.8962,-0.0707,0.1190,0.0077,-0.0589,0.1452,0.0492,-0.0255,0.0619,0.0130,-0.0308,0.0498,0.0224,-0.0218,0.0424,0.0341,0.0730,-5.332,0.0311,None
7.9103,-0.0713,0.1186,0.0077,-0.0599,0.1447,0.0491,-0.0259,0.0617,0.0130,-0.0310,0.0496,0.0223,-0.0222,0.0421,0.0340,0.0730,-5.137,0.0312,None
7.9241,-0.0719,0.1183,0.0077,-0.0609,0.1442,0.0490,-0.0264,0.0615,0.0129,-0.0313,0.0493,0.0223,-0.0233,0.0418,0.0338,0.0729,-5.223,0.0313,None
7.9380,-0.0722,0.1181,0.0076,-0.0615,0.1439,0.0488,-0.0267,0.0614,0.0129,-0.0314,0.0491,0.0222,-0.0241,0.0415,0.0336,0.0729,-5.228,0.0314,None
7.9522,-0.0724,0.1180,0.0076,-0.0620,0.1437,0.0487,-0.0269,0.0614,0.0128,-0.0315,0.0489,0.0222,-0.0243,0.0413,0.0336,0.0729,-5.081,0.0315,None
7.9659,-0.0726,0.1179,0.0075,-0.0623,0.1435,0.0487,-0.0271,0.0613,0.0128,-0.0316,0.0487,0.0221,-0.0246,0.0411,0.0335,0.0728,-5.234,0.0316,None
7.9797,-0.0727,0.1178,0.0075,-0.0626,0.1435,0.0487,-0.0274,0.0612,0.0127,-0.0317,0.0486,0.0221,-0.0248,0.0410,0.0335,0.0727,-5.216,0.0317,None
7.9935,-0.0729,0.1177,0.0076,-0.0628,0.1434,0.0488,-0.0276,0.0611,0.0127,-0.0317,0.0484,0.0220,-0.0250,0.0408,0.0335,0.0727,-5.174,0.0317,None
8.0076,-0.0730,0.1176,0.0078,-0.0630,0.1434,0.0489,-0.0278,0.0611,0.0127,-0.0318,0.0482,0.0220,-0.0252,0.0406,0.0334,0.0726,-5.066,0.0318,None
8.0216,-0.0731,0.1175,0.0079,-0.0632,0.1433,0.0491,-0.0280,0.0610,0.0127,-0.0318,0.0481,0.0220,-0.0254,0.0404,0.0334,0.0725,-5.091,0.0319,None
8.0353,-0.0732,0.1175,0.0082,-0.0633,0.1433,0.0493,-0.0281,0.0609,0.0128,-0.0319,0.0479,0.0221,-0.0255,0.0402,0.0335,0.0725,-5.211,0.0320,None
8.0493,-0.0733,0.1174,0.0084,-0.0635,0.1432,0.0494,-0.0283,0.0608,0.0128,-0.0319,0.0478,0.0221,-0.0257,0.0400,0.0335,0.0724,-5.094,0.0321,None
8.0635,-0.0735,0.1172,0.0087,-0.0637,0.1431,0.0496,-0.0285,0.0607,0.0128,-0.0320,0.0476,0.0221,-0.0258,0.0399,0.0335,0.0723,-5.030,0.0322,None
8.0768,-0.0736,0.1171,0.0090,-0.0639,0.1430,0.0497,-0.0288,0.0606,0.0128,-0.0321,0.0474,0.0221,-0.0260,0.0397,0.0335,0.0723,-5.314,0.0323,None
8.0912,-0.0739,0.1169,0.0092,-0.0643,0.1427,0.0499,-0.0291,0.0604,0.0129,-0.0322,0.0472,0.0222,-0.0261,0.0394,0.0335,0.0722,-4.968,0.0324,None
8.1048,-0.0741,0.1167,0.0095,-0.0647,0.1425,0.0500,-0.0294,0.0603,0.0129,-0.0323,0.0470,0.0222,-0.0263,0.0392,0.0336,0.0721,-5.225,0.0326,None
8.1186,-0.0747,0.1164,0.0097,-0.0654,0.1422,0.0502,-0.0298,0.0600,0.0130,-0.0326,0.0467,0.0222,-0.0267,0.0389,0.0335,0.0721,-5.129,0.0327,None
8.1327,-0.0759,0.1156,0.0097,-0.0670,0.1415,0.0504,-0.0308,0.0595,0.0130,-0.0332,0.0461,0.0222,-0.0273,0.0384,0.0335,0.0720,-5.042,0.0330,None
8.1463,-0.0782,0.1140,0.0095,-0.0687,0.1417,0.0514,-0.0332,0.0583,0.0127,-0.0345,0.0453,0.0220,-0.0294,0.0371,0.0326,0.0717,-5.245,0.0342,None
8.1606,-0.0811,0.1120,0.0092,-0.0697,0.1432,0.0532,-0.0358,0.0569,0.0125,-0.0361,0.0443,0.0218,-0.0321,0.0356,0.0316,0.0714,-4.978,0.0353,None
8.1742,-0.0856,0.1086,0.0082,-0.0692,0.1473,0.0574,-0.0529,0.0575,0.0138,-0.0409,0.0416,0.0201,-0.0419,0.0329,0.0281,0.0609,-5.181,0.0478,None
8.1884,-0.0915,0.1036,0.0074,-0.0693,0.1503,0.0625,-0.0753,0.0636,0.0196,-0.0551,0.0407,0.0189,-0.0526,0.0302,0.0250,0.0449,-4.178,0.0645,None
8.2021,-0.0972,0.0982,0.0062,-0.0746,0.1487,0.0651,-0.0876,0.0655,0.0228,-0.0677,0.0408,0.0188,-0.0613,0.0288,0.0233,0.0379,-3.041,0.0725,None
8.2165,-0.1044,0.0899,0.0082,-0.0793,0.1474,0.0672,-0.1037,0.0696,0.0296,-0.0847,0.0417,0.0208,-0.0724,0.0285,0.0235,0.0295,-2.158,0.0845,None
8.2300,-0.1107,0.0807,0.0133,-0.0835,0.1461,0.0673,-0.1135,0.0705,0.0355,-0.0978,0.0425,0.0253,-0.0796,0.0278,0.0257,0.0246,-1.460,0.0917,None
8.2438,-0.1154,0.0721,0.0174,-0.0869,0.1452,0.0677,-0.1196,0.0685,0.0385,-0.1050,0.0411,0.0285,-0.0847,0.0261,0.0275,0.0218,-1.273,0.0950,None
8.2578,-0.1173,0.0670,0.0223,-0.0887,0.1449,0.0665,-0.1212,0.0668,0.0406,-0.1060,0.0391,0.0304,-0.0845,0.0244,0.0289,0.0187,-1.217,0.0958,None
8.2720,-0.1169,0.0663,0.0253,-0.0878,0.1464,0.0641,-0.1199,0.0657,0.0404,-0.1048,0.0393,0.0318,-0.0815,0.0244,0.0297,0.0154,-1.165,0.0950,None
8.2853,-0.1155,0.0681,0.0265,-0.0938,0.1418,0.0597,-0.1156,0.0584,0.0345,-0.0960,0.0337,0.0267,-0.0701,0.0244,0.0288,0.0125,-1.157,0.0910,None
8.2992,-0.1144,0.0694,0.0275,-0.0976,0.1379,0.0562,-0.1121,0.0541,0.0313,-0.0832,0.0287,0.0219,-0.0606,0.0246,0.0287,0.0159,-0.986,0.0885,None
8.3131,-0.1133,0.0710,0.0280,-0.0988,0.1361,0.0535,-0.1099,0.0535,0.0303,-0.0707,0.0276,0.0194,-0.0524,0.0255,0.0288,0.0180,-1.305,0.0874,None
8.3270,-0.1123,0.0721,0.0290,-0.0981,0.1362,0.0523,-0.1089,0.0548,0.0315,-0.0648,0.0288,0.0196,-0.0485,0.0268,0.0294,0.0179,-1.411,0.0874,None
8.3410,-0.1113,0.0732,0.0300,-0.0970,0.1368,0.0512,-0.1078,0.0559,0.0325,-0.0613,0.0300,0.0202,-0.0462,0.0280,0.0300,0.0177,-1.382,0.0873,None
8.3547,-0.1104,0.0739,0.0311,-0.0955,0.1380,0.0506,-0.1069,0.0570,0.0339,-0.0597,0.0308,0.0209,-0.0445,0.0290,0.0305,0.0175,-1.386,0.0873,None
8.3690,-0.1095,0.0748,0.0318,-0.0939,0.1393,0.0499,-0.1060,0.0582,0.0347,-0.0584,0.0315,0.0213,-0.0429,0.0300,0.0308,0.0172,-1.318,0.0874,None
8.3827,-0.1087,0.0757,0.0325,-0.0923,0.1406,0.0491,-0.1051,0.0595,0.0356,-0.0567,0.0323,0.0216,-0.0411,0.0311,0.0311,0.0169,-1.361,0.0874,None
8.3965,-0.1073,0.0775,0.0325,-0.0898,0.1428,0.0472,-0.1038,0.0617,0.0359,-0.0548,0.0337,0.0215,-0.0394,0.0326,0.0310,0.0165,-1.374,0.0875,None
8.4106,-0.1059,0.0796,0.0317,-0.0869,0.1454,0.0446,-0.1024,0.0645,0.0354,-0.0525,0.0353,0.0210,-0.0377,0.0343,0.0306,0.0160,-1.340,0.0876,None
8.4243,-0.1045,0.0816,0.0309,-0.0840,0.1478,0.0418,-0.1009,0.0672,0.0348,-0.0498,0.0370,0.0204,-0.0357,0.0361,0.0302,0.0154,-1.333,0.0876,None
8.4381,-0.1039,0.0825,0.0290,-0.0806,0.1505,0.0385,-0.0993,0.0701,0.0333,-0.0470,0.0389,0.0194,-0.0347,0.0376,0.0293,0.0139,-1.180,0.0875,None
8.4523,-0.1019,0.0895,0.0193,-0.0781,0.1491,0.0339,-0.0955,0.0745,0.0323,-0.0425,0.0423,0.0188,-0.0325,0.0400,0.0286,0.0209,-1.631,0.0872,None
8.4661,-0.0991,0.0964,0.0093,-0.0745,0.1463,0.0296,-0.0823,0.0698,0.0259,-0.0389,0.0454,0.0185,-0.0286,0.0431,0.0283,0.0355,-2.293,0.0764,None
8.4802,-0.0937,0.1039,-0.0004,-0.0723,0.1413,0.0258,-0.0725,0.0697,0.0222,-0.0355,0.0480,0.0180,-0.0248,0.0459,0.0278,0.0462,-3.115,0.0697,None
8.4937,-0.0859,0.1118,-0.0025,-0.0694,0.1370,0.0269,-0.0605,0.0673,0.0199,-0.0328,0.0494,0.0190,-0.0215,0.0471,0.0284,0.0559,-3.780,0.0600,None
8.5081,-0.0850,0.1126,-0.0005,-0.0689,0.1364,0.0297,-0.0519,0.0648,0.0177,-0.0322,0.0492,0.0202,-0.0207,0.0468,0.0293,0.0609,-3.905,0.0513,None
8.5218,-0.0847,0.1129,0.0016,-0.0681,0.1361,0.0321,-0.0471,0.0637,0.0170,-0.0315,0.0491,0.0211,-0.0199,0.0465,0.0301,0.0638,-4.506,0.0467,None
8.5353,-0.0871,0.1111,0.0036,-0.0706,0.1342,0.0348,-0.0452,0.0624,0.0169,-0.0322,0.0481,0.0221,-0.0207,0.0455,0.0310,0.0656,-4.737,0.0434,None
8.5494,-0.0900,0.1087,0.0054,-0.0738,0.1321,0.0374,-0.0447,0.0610,0.0171,-0.0333,0.0468,0.0229,-0.0218,0.0442,0.0318,0.0668,-4.651,0.0412,None
8.5631,-0.0924,0.1066,0.0069,-0.0764,0.1304,0.0396,-0.0443,0.0601,0.0173,-0.0340,0.0458,0.0235,-0.0225,0.0431,0.0324,0.0677,-4.866,0.0395,None
8.5770,-0.0944,0.1047,0.0080,-0.0784,0.1303,0.0418,-0.0440,0.0592,0.0175,-0.0347,0.0448,0.0240,-0.0232,0.0420,0.0329,0.0685,-4.815,0.0381,None
8.5913,-0.0959,0.1033,0.0089,-0.0801,0.1290,0.0432,-0.0439,0.0586,0.0177,-0.0351,0.0441,0.0244,-0.0235,0.0410,0.0333,0.0691,-4.653,0.0371,None
8.6050,-0.0972,0.1019,0.0098,-0.0817,0.1277,0.0445,-0.0435,0.0581,0.0178,-0.0355,0.0434,0.0247,-0.0238,0.0401,0.0336,0.0698,-4.948,0.0359,None
8.6188,-0.0982,0.1010,0.0101,-0.0830,0.1268,0.0451,-0.0439,0.0576,0.0179,-0.0359,0.0429,0.0248,-0.0242,0.0395,0.0337,0.0699,-4.929,0.0357,None
8.6333,-0.0991,0.1001,0.0099,-0.0843,0.1259,0.0452,-0.0444,0.0572,0.0178,-0.0363,0.0425,0.0247,-0.0247,0.0389,0.0337,0.0700,-4.715,0.0355,None
8.6469,-0.1000,0.0992,0.0098,-0.0857,0.1250,0.0453,-0.0448,0.0567,0.0176,-0.0367,0.0420,0.0246,-0.0251,0.0383,0.0337,0.0701,-5.072,0.0354,None
8.6608,-0.1009,0.0984,0.0095,-0.0871,0.1243,0.0450,-0.0454,0.0562,0.0174,-0.0371,0.0415,0.0244,-0.0257,0.0379,0.0336,0.0701,-4.936,0.0353,None
8.6749,-0.1018,0.0974,0.0088,-0.0889,0.1234,0.0444,-0.0461,0.0557,0.0170,-0.0377,0.0411,0.0241,-0.0267,0.0373,0.0334,0.0701,-4.926,0.0353,None
8.6885,-0.1030,0.0962,0.0081,-0.0909,0.1223,0.0437,-0.0472,0.0550,0.0166,-0.0386,0.0405,0.0238,-0.0285,0.0364,0.0332,0.0699,-5.077,0.0355,None
8.7021,-0.1043,0.0948,0.0073,-0.0932,0.1210,0.0429,-0.0484,0.0542,0.0162,-0.0396,0.0398,0.0234,-0.0304,0.0354,0.0329,0.0697,-5.069,0.0357,None
8.7159,-0.1056,0.0932,0.0072,-0.0957,0.1196,0.0427,-0.0498,0.0532,0.0160,-0.0408,0.0389,0.0231,-0.0328,0.0340,0.0327,0.0692,-4.976,0.0360,None
8.7304,-0.1067,0.0906,0.0108,-0.0978,0.1218,0.0447,-0.0604,0.0488,0.0184,-0.0424,0.0377,0.0232,-0.0377,0.0314,0.0325,0.0628,-4.623,0.0458,None
8.7435,-0.1078,0.0877,0.0141,-0.0978,0.1272,0.0470,-0.0717,0.0497,0.0230,-0.0471,0.0374,0.0245,-0.0428,0.0287,0.0321,0.0531,-4.590,0.0550,None
8.7572,-0.1108,0.0830,0.0174,-0.0972,0.1343,0.0496,-0.0839,0.0530,0.0285,-0.0520,0.0373,0.0257,-0.0454,0.0266,0.0317,0.0418,-3.710,0.0647,None
8.7714,-0.1141,0.0745,0.0258,-0.0973,0.1375,0.0512,-0.1024,0.0617,0.0395,-0.0564,0.0367,0.0269,-0.0501,0.0263,0.0327,0.0221,-2.601,0.0820,None
8.7852,-0.1160,0.0649,0.0353,-0.0989,0.1380,0.0524,-0.1105,0.0661,0.0449,-0.0599,0.0357,0.0276,-0.0545,0.0259,0.0337,0.0111,-1.056,0.0891,None
8.7988,-0.1179,0.0596,0.0373,-0.1021,0.1363,0.0531,-0.1153,0.0668,0.0482,-0.0612,0.0336,0.0277,-0.0544,0.0247,0.0339,0.0133,-0.909,0.0928,None
8.8132,-0.1191,0.0563,0.0384,-0.1053,0.1338,0.0536,-0.1177,0.0653,0.0502,-0.0617,0.0321,0.0282,-0.0514,0.0243,0.0342,0.0149,-1.025,0.0942,None
8.8267,-0.1196,0.0547,0.0391,-0.1072,0.1324,0.0530,-0.1187,0.0643,0.0509,-0.0618,0.0314,0.0283,-0.0496,0.0246,0.0344,0.0153,-1.144,0.0948,None
8.8405,-0.1201,0.0531,0.0397,-0.1092,0.1310,0.0525,-0.1197,0.0634,0.0516,-0.0620,0.0306,0.0285,-0.0486,0.0247,0.0345,0.0158,-1.156,0.0952,None
8.8547,-0.1202,0.0531,0.0394,-0.1146,0.1232,0.0505,-0.1199,0.0634,0.0510,-0.0618,0.0308,0.0282,-0.0483,0.0251,0.0343,0.0155,-1.119,0.0952,None
8.8687,-0.1199,0.0539,0.0392,-0.1174,0.1175,0.0488,-0.1196,0.0642,0.0504,-0.0615,0.0313,0.0280,-0.0480,0.0258,0.0341,0.0153,-1.086,0.0952,None
8.8825,-0.1196,0.0545,0.0390,-0.1190,0.1133,0.0471,-0.1193,0.0648,0.0499,-0.0612,0.0318,0.0277,-0.0477,0.0264,0.0339,0.0150,-1.091,0.0952,None
8.8965,-0.1192,0.0554,0.0389,-0.1188,0.1126,0.0459,-0.1189,0.0657,0.0496,-0.0607,0.0323,0.0276,-0.0470,0.0272,0.0338,0.0148,-1.046,0.0952,None
8.9103,-0.1187,0.0563,0.0388,-0.1181,0.1135,0.0452,-0.1183,0.0659,0.0490,-0.0603,0.0329,0.0275,-0.0462,0.0280,0.0338,0.0140,-1.055,0.0949,None
8.9241,-0.1184,0.0571,0.0388,-0.1175,0.1144,0.0446,-0.1177,0.0657,0.0484,-0.0598,0.0333,0.0273,-0.0454,0.0288,0.0337,0.0129,-1.016,0.0946,None
8.9379,-0.1180,0.0578,0.0384,-0.1168,0.1155,0.0437,-0.1171,0.0649,0.0473,-0.0595,0.0338,0.0271,-0.0448,0.0295,0.0336,0.0114,-0.977,0.0940,None
8.9519,-0.1178,0.0587,0.0377,-0.1162,0.1167,0.0426,-0.1161,0.0619,0.0450,-0.0591,0.0343,0.0267,-0.0446,0.0301,0.0333,0.0081,-0.903,0.0927,None
8.9658,-0.1176,0.0595,0.0370,-0.1156,0.1179,0.0415,-0.1151,0.0596,0.0431,-0.0587,0.0347,0.0262,-0.0443,0.0307,0.0330,0.0065,-0.707,0.0916,None
8.9796,-0.1174,0.0605,0.0360,-0.1149,0.1193,0.0400,-0.1138,0.0568,0.0405,-0.0564,0.0342,0.0247,-0.0441,0.0314,0.0326,0.0068,-0.650,0.0902,None
8.9937,-0.1171,0.0616,0.0347,-0.1141,0.1208,0.0380,-0.1129,0.0558,0.0383,-0.0542,0.0341,0.0231,-0.0439,0.0321,0.0320,0.0080,-0.701,0.0894,None
9.0072,-0.1168,0.0630,0.0330,-0.1132,0.1225,0.0357,-0.1122,0.0557,0.0362,-0.0526,0.0343,0.0217,-0.0436,0.0330,0.0313,0.0092,-0.813,0.0889,None
9.0218,-0.1163,0.0646,0.0314,-0.1119,0.1244,0.0334,-0.1117,0.0572,0.0346,-0.0513,0.0348,0.0206,-0.0433,0.0340,0.0306,0.0093,-0.822,0.0889,None
9.0354,-0.1170,0.0621,0.0306,-0.1100,0.1268,0.0308,-0.1108,0.0594,0.0332,-0.0506,0.0360,0.0197,-0.0427,0.0352,0.0298,0.0073,-0.717,0.0888,None
9.0494,-0.1170,0.0678,0.0205,-0.1060,0.1309,0.0271,-0.1087,0.0629,0.0306,-0.0493,0.0380,0.0185,-0.0416,0.0372,0.0287,0.0140,-1.253,0.0884,None
9.0632,-0.1162,0.0735,0.0089,-0.1015,0.1351,0.0230,-0.1056,0.0651,0.0272,-0.0479,0.0402,0.0170,-0.0403,0.0392,0.0274,0.0227,-1.907,0.0873,None
9.0767,-0.1121,0.0802,0.0039,-0.0965,0.1354,0.0160,-0.0936,0.0614,0.0182,-0.0457,0.0431,0.0147,-0.0382,0.0420,0.0253,0.0300,-2.149,0.0777,None
9.0909,-0.1040,0.0925,-0.0029,-0.0933,0.1316,0.0110,-0.0816,0.0600,0.0117,-0.0438,0.0452,0.0131,-0.0354,0.0433,0.0236,0.0422,-2.846,0.0680,None
9.1050,-0.0958,0.1018,-0.0089,-0.0910,0.1254,0.0065,-0.0742,0.0613,0.0077,-0.0418,0.0472,0.0115,-0.0326,0.0444,0.0220,0.0488,-3.538,0.0630,None
9.1185,-0.0949,0.1028,-0.0087,-0.0910,0.1237,0.0074,-0.0683,0.0597,0.0066,-0.0416,0.0470,0.0118,-0.0311,0.0434,0.0223,0.0529,-3.824,0.0572,None
9.1325,-0.0976,0.1006,-0.0050,-0.0938,0.1213,0.0119,-0.0647,0.0572,0.0078,-0.0423,0.0456,0.0136,-0.0310,0.0416,0.0238,0.0559,-3.735,0.0524,None
9.1462,-0.1005,0.0978,-0.0014,-0.0968,0.1187,0.0160,-0.0621,0.0553,0.0090,-0.0430,0.0442,0.0152,-0.0317,0.0402,0.0252,0.0582,-3.915,0.0484,None
9.1599,-0.1020,0.0963,0.0004,-0.0979,0.1187,0.0182,-0.0601,0.0546,0.0094,-0.0433,0.0434,0.0159,-0.0320,0.0393,0.0259,0.0598,-4.145,0.0458,None
9.1743,-0.1029,0.0953,0.0014,-0.0984,0.1193,0.0195,-0.0577,0.0546,0.0093,-0.0433,0.0430,0.0163,-0.0322,0.0388,0.0263,0.0614,-4.043,0.0429,None
9.1878,-0.1048,0.0932,0.0035,-0.1004,0.1173,0.0219,-0.0548,0.0544,0.0096,-0.0437,0.0419,0.0172,-0.0327,0.0378,0.0271,0.0636,-4.415,0.0389,None
9.2019,-0.1077,0.0897,0.0070,-0.1036,0.1138,0.0258,-0.0532,0.0538,0.0109,-0.0445,0.0402,0.0187,-0.0334,0.0361,0.0284,0.0654,-4.405,0.0357,None
9.2157,-0.1098,0.0869,0.0095,-0.1062,0.1109,0.0283,-0.0528,0.0529,0.0117,-0.0451,0.0388,0.0196,-0.0340,0.0348,0.0292,0.0664,-4.713,0.0339,None
9.2299,-0.1109,0.0850,0.0114,-0.1081,0.1089,0.0292,-0.0535,0.0518,0.0120,-0.0456,0.0378,0.0198,-0.0346,0.0339,0.0295,0.0663,-4.643,0.0337,None
9.2437,-0.1119,0.0833,0.0129,-0.1099,0.1072,0.0298,-0.0541,0.0509,0.0122,-0.0460,0.0370,0.0200,-0.0351,0.0330,0.0298,0.0662,-4.746,0.0335,None
9.2572,-0.1125,0.0822,0.0134,-0.1111,0.1063,0.0295,-0.0546,0.0503,0.0119,-0.0464,0.0364,0.0198,-0.0356,0.0326,0.0297,0.0661,-4.887,0.0334,None
9.2714,-0.1134,0.0810,0.0131,-0.1122,0.1057,0.0291,-0.0556,0.0497,0.0118,-0.0469,0.0361,0.0197,-0.0361,0.0323,0.0296,0.0657,-4.613,0.0339,None
9.2850,-0.1141,0.0799,0.0128,-0.1135,0.1075,0.0292,-0.0604,0.0475,0.0125,-0.0475,0.0358,0.0195,-0.0366,0.0322,0.0294,0.0628,-4.802,0.0384,None
9.2990,-0.1151,0.0786,0.0123,-0.1147,0.1124,0.0299,-0.0835,0.0490,0.0206,-0.0503,0.0361,0.0201,-0.0373,0.0319,0.0292,0.0441,-4.453,0.0598,None
9.3135,-0.1163,0.0768,0.0123,-0.1142,0.1201,0.0305,-0.1041,0.0618,0.0313,-0.0556,0.0374,0.0219,-0.0399,0.0317,0.0295,0.0271,-2.978,0.0797,None
9.3269,-0.1174,0.0750,0.0122,-0.1136,0.1255,0.0306,-0.1115,0.0700,0.0361,-0.0593,0.0382,0.0231,-0.0426,0.0316,0.0298,0.0251,-1.925,0.0878,None
9.3407,-0.1190,0.0724,0.0119,-0.1126,0.1312,0.0301,-0.1170,0.0758,0.0390,-0.0614,0.0379,0.0233,-0.0435,0.0307,0.0295,0.0274,-1.790,0.0935,None
9.3544,-0.1209,0.0687,0.0122,-0.1128,0.1336,0.0298,-0.1206,0.0774,0.0405,-0.0622,0.0366,0.0232,-0.0444,0.0297,0.0294,0.0296,-1.982,0.0965,None
9.3687,-0.1221,0.0666,0.0125,-0.1148,0.1320,0.0299,-0.1223,0.0761,0.0408,-0.0627,0.0355,0.0231,-0.0450,0.0289,0.0293,0.0299,-2.061,0.0971,None
9.3827,-0.1231,0.0644,0.0128,-0.1168,0.1305,0.0298,-0.1237,0.0745,0.0409,-0.0632,0.0345,0.0231,-0.0455,0.0281,0.0293,0.0299,-2.116,0.0974,None
9.3961,-0.1235,0.0633,0.0136,-0.1177,0.1297,0.0300,-0.1242,0.0736,0.0412,-0.0632,0.0340,0.0231,-0.0456,0.0278,0.0293,0.0295,-2.171,0.0975,None
9.4104,-0.1231,0.0629,0.0170,-0.1175,0.1297,0.0305,-0.1238,0.0737,0.0420,-0.0627,0.0342,0.0235,-0.0453,0.0279,0.0296,0.0273,-1.830,0.0975,None
9.4240,-0.1225,0.0624,0.0208,-0.1174,0.1296,0.0310,-0.1235,0.0738,0.0428,-0.0623,0.0342,0.0238,-0.0451,0.0281,0.0299,0.0247,-1.744,0.0974,None
9.4379,-0.1222,0.0626,0.0223,-0.1191,0.1255,0.0317,-0.1225,0.0707,0.0424,-0.0610,0.0343,0.0238,-0.0446,0.0284,0.0301,0.0217,-1.673,0.0962,None
9.4521,-0.1219,0.0629,0.0229,-0.1194,0.1240,0.0322,-0.1214,0.0678,0.0420,-0.0595,0.0342,0.0237,-0.0442,0.0287,0.0303,0.0197,-1.488,0.0951,None
9.4657,-0.1216,0.0633,0.0235,-0.1194,0.1233,0.0325,-0.1206,0.0658,0.0418,-0.0581,0.0341,0.0235,-0.0438,0.0291,0.0305,0.0185,-1.417,0.0944,None
9.4797,-0.1213,0.0635,0.0242,-0.1192,0.1229,0.0326,-0.1202,0.0655,0.0419,-0.0575,0.0343,0.0236,-0.0436,0.0293,0.0306,0.0179,-1.293,0.0942,None
9.4936,-0.1210,0.0637,0.0247,-0.1191,0.1219,0.0325,-0.1199,0.0658,0.0420,-0.0571,0.0345,0.0237,-0.0429,0.0299,0.0307,0.0175,-1.284,0.0942,None
9.5076,-0.1208,0.0638,0.0251,-0.1189,0.1217,0.0325,-0.1198,0.0660,0.0421,-0.0567,0.0347,0.0237,-0.0423,0.0304,0.0308,0.0172,-1.279,0.0942,None
9.5217,-0.1206,0.0639,0.0255,-0.1187,0.1217,0.0324,-0.1196,0.0662,0.0422,-0.0563,0.0349,0.0237,-0.0417,0.0309,0.0309,0.0169,-1.254,0.0943,None
9.5353,-0.1204,0.0640,0.0257,-0.1185,0.1218,0.0322,-0.1195,0.0663,0.0421,-0.0560,0.0350,0.0236,-0.0414,0.0312,0.0310,0.0166,-1.303,0.0943,None
9.5495,-0.1203,0.0642,0.0258,-0.1183,0.1220,0.0320,-0.1191,0.0652,0.0415,-0.0556,0.0352,0.0235,-0.0413,0.0314,0.0310,0.0158,-1.263,0.0938,None
9.5630,-0.1201,0.0643,0.0260,-0.1181,0.1222,0.0317,-0.1186,0.0637,0.0408,-0.0553,0.0353,0.0235,-0.0412,0.0317,0.0310,0.0150,-1.277,0.0933,None
9.5768,-0.1199,0.0645,0.0260,-0.1178,0.1224,0.0314,-0.1185,0.0628,0.0404,-0.0549,0.0355,0.0234,-0.0410,0.0319,0.0310,0.0146,-1.219,0.0932,None
9.5909,-0.1196,0.0651,0.0260,-0.1172,0.1231,0.0311,-0.1182,0.0627,0.0400,-0.0540,0.0357,0.0230,-0.0408,0.0323,0.0310,0.0143,-1.151,0.0932,None
9.6049,-0.1191,0.0660,0.0258,-0.1162,0.1241,0.0306,-0.1178,0.0630,0.0394,-0.0529,0.0359,0.0226,-0.0405,0.0327,0.0309,0.0140,-1.153,0.0931,None
9.6185,-0.1185,0.0671,0.0254,-0.1149,0.1255,0.0299,-0.1171,0.0635,0.0385,-0.0518,0.0363,0.0220,-0.0402,0.0333,0.0308,0.0137,-1.186,0.0929,None
9.6326,-0.1192,0.0648,0.0249,-0.1131,0.1275,0.0282,-0.1163,0.0655,0.0372,-0.0512,0.0373,0.0214,-0.0399,0.0342,0.0303,0.0126,-1.036,0.0929,None
9.6462,-0.1181,0.0686,0.0208,-0.1102,0.1305,0.0246,-0.1150,0.0685,0.0340,-0.0503,0.0389,0.0199,-0.0394,0.0356,0.0292,0.0135,-1.202,0.0926,None
9.6600,-0.1167,0.0734,0.0130,-0.1066,0.1339,0.0205,-0.1130,0.0712,0.0300,-0.0493,0.0407,0.0183,-0.0389,0.0373,0.0279,0.0175,-1.539,0.0920,None
9.6740,-0.1141,0.0800,0.0005,-0.1020,0.1360,0.0160,-0.1058,0.0700,0.0233,-0.0477,0.0430,0.0164,-0.0379,0.0392,0.0264,0.0262,-2.123,0.0863,None
9.6881,-0.1112,0.0846,-0.0047,-0.0995,0.1343,0.0127,-0.0976,0.0672,0.0177,-0.0465,0.0445,0.0151,-0.0372,0.0405,0.0254,0.0315,-2.203,0.0790,None
9.7020,-0.1067,0.0909,-0.0097,-0.0966,0.1331,0.0095,-0.0917,0.0671,0.0138,-0.0453,0.0459,0.0139,-0.0365,0.0416,0.0244,0.0367,-2.637,0.0745,None
9.7157,-0.1058,0.0920,-0.0095,-0.0957,0.1316,0.0096,-0.0869,0.0655,0.0127,-0.0446,0.0463,0.0140,-0.0360,0.0419,0.0246,0.0394,-2.698,0.0702,None
9.7306,-0.1063,0.0915,-0.0080,-0.0963,0.1306,0.0111,-0.0833,0.0634,0.0127,-0.0444,0.0461,0.0145,-0.0359,0.0415,0.0251,0.0419,-2.579,0.0664,None
9.7433,-0.1068,0.0911,-0.0068,-0.0968,0.1299,0.0123,-0.0807,0.0620,0.0128,-0.0442,0.0458,0.0150,-0.0351,0.0410,0.0254,0.0437,-3.241,0.0636,None
9.7572,-0.1081,0.0898,-0.0049,-0.0983,0.1284,0.0141,-0.0794,0.0603,0.0135,-0.0444,0.0452,0.0157,-0.0345,0.0401,0.0260,0.0450,-3.044,0.0617,None
9.7713,-0.1092,0.0884,-0.0031,-0.0998,0.1270,0.0158,-0.0784,0.0587,0.0142,-0.0446,0.0446,0.0164,-0.0342,0.0393,0.0265,0.0462,-3.092,0.0602,None
9.7852,-0.1101,0.0874,-0.0017,-0.1009,0.1259,0.0171,-0.0772,0.0575,0.0146,-0.0447,0.0441,0.0169,-0.0340,0.0386,0.0269,0.0474,-3.211,0.0585,None
9.7990,-0.1106,0.0868,-0.0008,-0.1016,0.1251,0.0181,-0.0748,0.0566,0.0144,-0.0446,0.0437,0.0172,-0.0341,0.0379,0.0271,0.0493,-3.349,0.0558,None
9.8132,-0.1110,0.0863,-0.0001,-0.1022,0.1246,0.0188,-0.0720,0.0561,0.0139,-0.0442,0.0432,0.0174,-0.0345,0.0372,0.0272,0.0514,-3.397,0.0527,None
9.8268,-0.1114,0.0858,0.0006,-0.1028,0.1240,0.0195,-0.0702,0.0556,0.0138,-0.0440,0.0428,0.0175,-0.0351,0.0365,0.0274,0.0528,-3.689,0.0507,None
9.8408,-0.1120,0.0851,0.0015,-0.1036,0.1232,0.0205,-0.0685,0.0552,0.0137,-0.0439,0.0423,0.0178,-0.0355,0.0356,0.0275,0.0542,-3.663,0.0486,None
9.8546,-0.1125,0.0843,0.0025,-0.1045,0.1224,0.0213,-0.0684,0.0545,0.0140,-0.0439,0.0418,0.0180,-0.0357,0.0349,0.0277,0.0545,-3.835,0.0482,None
9.8689,-0.1129,0.0837,0.0044,-0.1054,0.1215,0.0222,-0.0685,0.0538,0.0144,-0.0439,0.0413,0.0183,-0.0356,0.0343,0.0279,0.0544,-3.735,0.0479,None
9.8825,-0.1132,0.0829,0.0065,-0.1064,0.1206,0.0231,-0.0686,0.0531,0.0148,-0.0439,0.0408,0.0185,-0.0355,0.0337,0.0282,0.0543,-3.874,0.0476,None
9.8965,-0.1137,0.0819,0.0084,-0.1076,0.1196,0.0240,-0.0659,0.0517,0.0142,-0.0436,0.0400,0.0186,-0.0353,0.0330,0.0284,0.0568,-3.790,0.0446,None
9.9104,-0.1146,0.0805,0.0094,-0.1090,0.1206,0.0253,-0.0595,0.0514,0.0125,-0.0435,0.0391,0.0187,-0.0356,0.0323,0.0286,0.0623,-3.992,0.0376,None
9.9243,-0.1155,0.0790,0.0103,-0.1103,0.1221,0.0267,-0.0552,0.0520,0.0115,-0.0436,0.0383,0.0189,-0.0360,0.0315,0.0289,0.0661,-4.383,0.0324,None
9.9381,-0.1166,0.0772,0.0110,-0.1116,0.1237,0.0281,-0.0559,0.0511,0.0119,-0.0441,0.0375,0.0192,-0.0364,0.0308,0.0291,0.0661,-4.705,0.0324,None
9.9520,-0.1177,0.0754,0.0118,-0.1128,0.1248,0.0295,-0.0571,0.0501,0.0125,-0.0448,0.0368,0.0195,-0.0367,0.0302,0.0294,0.0657,-4.687,0.0330,None
9.9657,-0.1189,0.0733,0.0126,-0.1141,0.1255,0.0309,-0.0722,0.0431,0.0167,-0.0456,0.0360,0.0199,-0.0373,0.0295,0.0296,0.0558,-4.723,0.0486,None
9.9798,-0.1202,0.0712,0.0134,-0.1154,0.1257,0.0322,-0.0858,0.0445,0.0229,-0.0474,0.0353,0.0207,-0.0378,0.0288,0.0299,0.0445,-3.843,0.0605,None
9.9937,-0.1216,0.0685,0.0138,-0.1172,0.1252,0.0332,-0.1037,0.0525,0.0323,-0.0527,0.0351,0.0225,-0.0393,0.0274,0.0300,0.0303,-3.064,0.0769,None
10.0076,-0.1233,0.0654,0.0140,-0.1198,0.1232,0.0340,-0.1170,0.0629,0.0405,-0.0568,0.0346,0.0238,-0.0409,0.0261,0.0301,0.0273,-2.071,0.0901,None
10.0215,-0.1257,0.0596,0.0148,-0.1218,0.1225,0.0346,-0.1227,0.0675,0.0442,-0.0599,0.0337,0.0247,-0.0432,0.0249,0.0303,0.0306,-1.888,0.0956,None
10.0352,-0.1272,0.0554,0.0162,-0.1220,0.1240,0.0360,-0.1261,0.0706,0.0477,-0.0622,0.0328,0.0258,-0.0453,0.0238,0.0309,0.0350,-2.212,0.0992,None
10.0494,-0.1279,0.0533,0.0171,-0.1228,0.1236,0.0374,-0.1278,0.0697,0.0493,-0.0629,0.0315,0.0262,-0.0459,0.0227,0.0311,0.0362,-2.419,0.1003,None
10.0632,-0.1286,0.0511,0.0180,-0.1241,0.1224,0.0388,-0.1293,0.0684,0.0507,-0.0638,0.0301,0.0266,-0.0465,0.0216,0.0313,0.0370,-2.598,0.1011,None
10.0769,-0.1290,0.0497,0.0191,-0.1249,0.1214,0.0400,-0.1297,0.0671,0.0517,-0.0641,0.0293,0.0270,-0.0467,0.0210,0.0316,0.0370,-2.672,0.1012,None
10.0911,-0.1291,0.0490,0.0199,-0.1252,0.1209,0.0407,-0.1298,0.0663,0.0522,-0.0642,0.0288,0.0273,-0.0467,0.0207,0.0317,0.0367,-2.545,0.1012,None
10.1047,-0.1292,0.0482,0.0206,-0.1256,0.1204,0.0414,-0.1300,0.0655,0.0527,-0.0642,0.0284,0.0275,-0.0468,0.0205,0.0319,0.0365,-2.640,0.1012,None
10.1186,-0.1290,0.0482,0.0211,-0.1255,0.1203,0.0417,-0.1298,0.0654,0.0529,-0.0641,0.0284,0.0276,-0.0467,0.0206,0.0320,0.0361,-2.553,0.1011,None
10.1329,-0.1288,0.0485,0.0213,-0.1253,0.1204,0.0415,-0.1297,0.0655,0.0526,-0.0639,0.0286,0.0275,-0.0467,0.0208,0.0319,0.0356,-2.475,0.1011,None
10.1468,-0.1286,0.0490,0.0215,-0.1263,0.1179,0.0412,-0.1292,0.0639,0.0516,-0.0637,0.0288,0.0273,-0.0466,0.0212,0.0318,0.0336,-2.487,0.1003,None
10.1602,-0.1283,0.0494,0.0217,-0.1277,0.1141,0.0409,-0.1286,0.0621,0.0505,-0.0634,0.0291,0.0272,-0.0465,0.0215,0.0317,0.0315,-2.444,0.0996,None
10.1744,-0.1280,0.0498,0.0220,-0.1274,0.1142,0.0405,-0.1281,0.0617,0.0499,-0.0632,0.0294,0.0271,-0.0463,0.0220,0.0316,0.0304,-2.160,0.0992,None
10.1883,-0.1276,0.0503,0.0224,-0.1270,0.1147,0.0400,-0.1278,0.0624,0.0498,-0.0628,0.0298,0.0270,-0.0461,0.0225,0.0316,0.0299,-2.108,0.0992,None
10.2022,-0.1271,0.0507,0.0233,-0.1266,0.1150,0.0397,-0.1275,0.0629,0.0497,-0.0625,0.0300,0.0269,-0.0456,0.0231,0.0316,0.0291,-2.053,0.0992,None
10.2161,-0.1265,0.0511,0.0240,-0.1262,0.1155,0.0392,-0.1272,0.0635,0.0495,-0.0620,0.0303,0.0267,-0.0453,0.0236,0.0316,0.0283,-2.010,0.0992,None
10.2300,-0.1262,0.0515,0.0243,-0.1259,0.1155,0.0387,-0.1266,0.0621,0.0485,-0.0604,0.0301,0.0259,-0.0448,0.0243,0.0315,0.0264,-1.972,0.0985,None
10.2437,-0.1259,0.0520,0.0244,-0.1257,0.1153,0.0381,-0.1259,0.0603,0.0474,-0.0589,0.0300,0.0252,-0.0442,0.0250,0.0314,0.0244,-1.891,0.0977,None
10.2575,-0.1256,0.0526,0.0243,-0.1252,0.1159,0.0373,-0.1250,0.0580,0.0458,-0.0573,0.0301,0.0244,-0.0436,0.0258,0.0313,0.0222,-1.752,0.0966,None
10.2719,-0.1253,0.0533,0.0240,-0.1245,0.1168,0.0364,-0.1243,0.0571,0.0445,-0.0563,0.0304,0.0237,-0.0432,0.0265,0.0311,0.0208,-1.538,0.0960,None
10.2856,-0.1248,0.0543,0.0235,-0.1236,0.1180,0.0353,-0.1237,0.0571,0.0432,-0.0555,0.0309,0.0231,-0.0429,0.0273,0.0308,0.0199,-1.527,0.0956,None
10.2993,-0.1244,0.0554,0.0225,-0.1226,0.1196,0.0340,-0.1233,0.0577,0.0417,-0.0548,0.0314,0.0224,-0.0428,0.0279,0.0304,0.0194,-1.523,0.0954,None
10.3140,-0.1232,0.0587,0.0207,-0.1197,0.1231,0.0321,-0.1223,0.0610,0.0400,-0.0534,0.0328,0.0213,-0.0423,0.0292,0.0298,0.0194,-1.441,0.0954,None
10.3268,-0.1205,0.0654,0.0169,-0.1137,0.1293,0.0285,-0.1193,0.0668,0.0368,-0.0518,0.0358,0.0199,-0.0411,0.0318,0.0287,0.0200,-1.860,0.0951,None
10.3408,-0.1170,0.0728,0.0122,-0.1102,0.1288,0.0248,-0.1155,0.0728,0.0331,-0.0497,0.0392,0.0184,-0.0396,0.0347,0.0274,0.0210,-1.836,0.0947,None
10.3545,-0.1128,0.0800,0.0075,-0.1065,0.1276,0.0200,-0.1114,0.0792,0.0291,-0.0473,0.0424,0.0166,-0.0378,0.0375,0.0260,0.0216,-1.964,0.0943,None
10.3684,-0.1102,0.0837,0.0061,-0.1043,0.1265,0.0180,-0.1086,0.0828,0.0279,-0.0457,0.0441,0.0159,-0.0365,0.0391,0.0254,0.0218,-1.708,0.0941,None
10.3822,-0.1077,0.0871,0.0048,-0.1017,0.1268,0.0162,-0.1059,0.0860,0.0266,-0.0441,0.0457,0.0153,-0.0351,0.0406,0.0248,0.0220,-1.722,0.0939,None
10.3962,-0.1081,0.0865,0.0070,-0.1021,0.1261,0.0183,-0.1049,0.0835,0.0282,-0.0438,0.0454,0.0161,-0.0347,0.0403,0.0255,0.0217,-1.437,0.0925,None
10.4104,-0.1096,0.0843,0.0102,-0.1041,0.1240,0.0215,-0.1022,0.0756,0.0288,-0.0441,0.0445,0.0174,-0.0348,0.0395,0.0266,0.0219,-1.324,0.0876,None
10.4241,-0.1107,0.0826,0.0128,-0.1056,0.1222,0.0242,-0.0990,0.0698,0.0290,-0.0442,0.0437,0.0184,-0.0348,0.0388,0.0275,0.0237,-1.415,0.0832,None
10.4381,-0.1118,0.0809,0.0147,-0.1072,0.1204,0.0262,-0.0956,0.0647,0.0283,-0.0444,0.0429,0.0192,-0.0349,0.0380,0.0282,0.0266,-1.558,0.0785,None
10.4521,-0.1124,0.0799,0.0156,-0.1082,0.1192,0.0274,-0.0914,0.0607,0.0267,-0.0445,0.0424,0.0196,-0.0351,0.0375,0.0286,0.0305,-1.817,0.0735,None
10.4659,-0.1128,0.0793,0.0160,-0.1089,0.1183,0.0279,-0.0875,0.0581,0.0250,-0.0446,0.0421,0.0198,-0.0352,0.0371,0.0287,0.0343,-2.136,0.0691,None
10.4796,-0.1128,0.0797,0.0161,-0.1095,0.1175,0.0285,-0.0850,0.0566,0.0241,-0.0446,0.0418,0.0199,-0.0353,0.0367,0.0289,0.0370,-2.440,0.0662,None
10.4936,-0.1123,0.0808,0.0158,-0.1099,0.1164,0.0287,-0.0818,0.0554,0.0227,-0.0446,0.0416,0.0200,-0.0354,0.0365,0.0290,0.0402,-2.610,0.0628,None
10.5077,-0.1118,0.0814,0.0164,-0.1103,0.1143,0.0287,-0.0772,0.0544,0.0208,-0.0446,0.0415,0.0200,-0.0354,0.0362,0.0291,0.0441,-2.786,0.0580,None
10.5219,-0.1114,0.0818,0.0171,-0.1105,0.1120,0.0286,-0.0739,0.0541,0.0196,-0.0445,0.0413,0.0200,-0.0354,0.0360,0.0292,0.0467,-3.043,0.0545,None
10.5353,-0.1111,0.0819,0.0177,-0.1106,0.1108,0.0286,-0.0680,0.0531,0.0173,-0.0444,0.0412,0.0200,-0.0354,0.0358,0.0293,0.0519,-3.388,0.0486,None
10.5494,-0.1109,0.0821,0.0183,-0.1106,0.1107,0.0288,-0.0625,0.0532,0.0154,-0.0443,0.0412,0.0200,-0.0352,0.0356,0.0293,0.0564,-3.611,0.0430,None
10.5637,-0.1106,0.0822,0.0187,-0.1105,0.1107,0.0290,-0.0591,0.0536,0.0143,-0.0441,0.0411,0.0201,-0.0348,0.0353,0.0293,0.0592,-3.867,0.0395,None
10.5769,-0.1103,0.0824,0.0191,-0.1105,0.1107,0.0292,-0.0566,0.0545,0.0136,-0.0440,0.0411,0.0201,-0.0345,0.0351,0.0293,0.0608,-4.391,0.0368,None
10.5914,-0.1101,0.0826,0.0195,-0.1104,0.1108,0.0294,-0.0564,0.0545,0.0136,-0.0438,0.0410,0.0201,-0.0345,0.0350,0.0294,0.0609,-4.121,0.0366,None
10.6048,-0.1098,0.0828,0.0199,-0.1103,0.1110,0.0295,-0.0562,0.0545,0.0136,-0.0437,0.0410,0.0201,-0.0344,0.0349,0.0295,0.0609,-4.479,0.0364,None
10.6189,-0.1095,0.0830,0.0202,-0.1102,0.1110,0.0297,-0.0562,0.0545,0.0136,-0.0435,0.0410,0.0201,-0.0343,0.0348,0.0295,0.0609,-4.241,0.0364,None
10.6329,-0.1095,0.0831,0.0202,-0.1102,0.1111,0.0298,-0.0562,0.0544,0.0136,-0.0434,0.0410,0.0201,-0.0343,0.0346,0.0296,0.0609,-4.286,0.0364,None
10.6464,-0.1094,0.0832,0.0203,-0.1102,0.1111,0.0300,-0.0562,0.0544,0.0136,-0.0433,0.0409,0.0200,-0.0343,0.0345,0.0296,0.0609,-4.433,0.0363,None
10.6603,-0.1093,0.0832,0.0204,-0.1102,0.1112,0.0301,-0.0561,0.0543,0.0135,-0.0432,0.0408,0.0200,-0.0343,0.0343,0.0296,0.0609,-4.317,0.0362,None
10.6744,-0.1093,0.0832,0.0205,-0.1103,0.1112,0.0302,-0.0560,0.0543,0.0135,-0.0431,0.0408,0.0200,-0.0343,0.0341,0.0297,0.0610,-4.265,0.0361,None
10.6884,-0.1093,0.0833,0.0204,-0.1104,0.1112,0.0302,-0.0560,0.0542,0.0134,-0.0431,0.0407,0.0200,-0.0343,0.0340,0.0297,0.0611,-4.277,0.0359,None
10.7022,-0.1092,0.0833,0.0205,-0.1105,0.1111,0.0303,-0.0559,0.0542,0.0133,-0.0430,0.0406,0.0199,-0.0343,0.0338,0.0297,0.0612,-4.390,0.0357,None
10.7162,-0.1093,0.0833,0.0204,-0.1106,0.1111,0.0303,-0.0557,0.0541,0.0132,-0.0430,0.0405,0.0199,-0.0343,0.0336,0.0297,0.0614,-4.305,0.0355,None
10.7304,-0.1093,0.0832,0.0203,-0.1107,0.1111,0.0303,-0.0556,0.0540,0.0131,-0.0429,0.0404,0.0198,-0.0344,0.0334,0.0297,0.0616,-4.265,0.0353,None
10.7440,-0.1094,0.0832,0.0202,-0.1109,0.1111,0.0304,-0.0555,0.0539,0.0129,-0.0429,0.0403,0.0198,-0.0345,0.0332,0.0297,0.0618,-4.461,0.0350,None
10.7576,-0.1095,0.0831,0.0200,-0.1110,0.1115,0.0304,-0.0554,0.0539,0.0128,-0.0429,0.0402,0.0197,-0.0345,0.0330,0.0298,0.0620,-4.488,0.0348,None
10.7723,-0.1097,0.0830,0.0199,-0.1112,0.1113,0.0304,-0.0553,0.0538,0.0127,-0.0429,0.0400,0.0197,-0.0346,0.0327,0.0298,0.0622,-4.164,0.0345,None
10.7855,-0.1098,0.0829,0.0197,-0.1114,0.1112,0.0304,-0.0551,0.0537,0.0126,-0.0429,0.0399,0.0196,-0.0347,0.0325,0.0298,0.0624,-4.648,0.0343,None
10.7994,-0.1099,0.0828,0.0196,-0.1116,0.1110,0.0305,-0.0551,0.0535,0.0124,-0.0429,0.0398,0.0196,-0.0348,0.0323,0.0298,0.0626,-4.423,0.0341,None
10.8135,-0.1100,0.0827,0.0195,-0.1118,0.1108,0.0305,-0.0549,0.0534,0.0123,-0.0429,0.0396,0.0196,-0.0349,0.0320,0.0298,0.0627,-4.354,0.0338,None
10.8272,-0.1101,0.0826,0.0194,-0.1120,0.1107,0.0305,-0.0548,0.0534,0.0122,-0.0429,0.0395,0.0195,-0.0350,0.0318,0.0298,0.0629,-4.534,0.0336,None
10.8408,-0.1102,0.0825,0.0192,-0.1122,0.1105,0.0305,-0.0547,0.0533,0.0121,-0.0429,0.0394,0.0195,-0.0350,0.0316,0.0298,0.0631,-4.538,0.0334,None
10.8547,-0.1102,0.0825,0.0191,-0.1123,0.1104,0.0305,-0.0546,0.0533,0.0120,-0.0429,0.0393,0.0194,-0.0351,0.0315,0.0298,0.0632,-4.479,0.0332,None
10.8689,-0.1103,0.0825,0.0190,-0.1124,0.1104,0.0304,-0.0545,0.0532,0.0119,-0.0428,0.0392,0.0194,-0.0351,0.0313,0.0298,0.0634,-4.410,0.0330,None
10.8829,-0.1103,0.0825,0.0188,-0.1125,0.1103,0.0304,-0.0544,0.0532,0.0117,-0.0428,0.0392,0.0193,-0.0351,0.0312,0.0298,0.0635,-4.474,0.0328,None
10.8967,-0.1103,0.0825,0.0187,-0.1126,0.1103,0.0303,-0.0542,0.0532,0.0116,-0.0428,0.0391,0.0193,-0.0352,0.0310,0.0298,0.0636,-4.534,0.0326,None
10.9104,-0.1103,0.0825,0.0186,-0.1126,0.1103,0.0302,-0.0541,0.0532,0.0115,-0.0427,0.0391,0.0192,-0.0352,0.0309,0.0298,0.0638,-4.565,0.0324,None
10.9245,-0.1103,0.0826,0.0185,-0.1127,0.1103,0.0302,-0.0540,0.0532,0.0114,-0.0427,0.0390,0.0192,-0.0352,0.0308,0.0298,0.0639,-4.472,0.0323,None
10.9380,-0.1103,0.0826,0.0184,-0.1128,0.1102,0.0301,-0.0539,0.0532,0.0113,-0.0427,0.0390,0.0191,-0.0352,0.0307,0.0298,0.0640,-4.670,0.0321,None
10.9522,-0.1104,0.0825,0.0182,-0.1129,0.1101,0.0300,-0.0538,0.0532,0.0111,-0.0427,0.0389,0.0190,-0.0353,0.0306,0.0297,0.0641,-4.460,0.0319,None
10.9659,-0.1104,0.0825,0.0180,-0.1131,0.1100,0.0298,-0.0538,0.0531,0.0110,-0.0427,0.0389,0.0190,-0.0353,0.0304,0.0297,0.0642,-4.591,0.0318,None
10.9801,-0.1105,0.0825,0.0178,-0.1132,0.1098,0.0297,-0.0537,0.0531,0.0108,-0.0427,0.0388,0.0189,-0.0354,0.0303,0.0297,0.0643,-4.444,0.0316,None
10.9937,-0.1104,0.0825,0.0177,-0.1133,0.1098,0.0297,-0.0535,0.0531,0.0107,-0.0426,0.0387,0.0189,-0.0354,0.0302,0.0297,0.0644,-4.665,0.0314,None
11.0074,-0.1103,0.0827,0.0176,-0.1132,0.1099,0.0297,-0.0534,0.0532,0.0107,-0.0425,0.0387,0.0188,-0.0354,0.0301,0.0297,0.0645,-4.653,0.0313,None
11.0217,-0.1102,0.0829,0.0175,-0.1131,0.1100,0.0297,-0.0532,0.0532,0.0106,-0.0424,0.0387,0.0188,-0.0354,0.0300,0.0297,0.0646,-4.441,0.0311,None
11.0353,-0.1099,0.0833,0.0175,-0.1128,0.1104,0.0298,-0.0529,0.0534,0.0106,-0.0423,0.0388,0.0188,-0.0353,0.0300,0.0298,0.0647,-4.686,0.0309,None
11.0493,-0.1095,0.0839,0.0173,-0.1123,0.1110,0.0300,-0.0525,0.0537,0.0106,-0.0421,0.0390,0.0188,-0.0352,0.0300,0.0298,0.0649,-4.562,0.0308,None
11.0632,-0.1090,0.0847,0.0171,-0.1116,0.1118,0.0301,-0.0520,0.0541,0.0106,-0.0419,0.0391,0.0188,-0.0352,0.0300,0.0298,0.0650,-4.603,0.0306,None
11.0770,-0.1078,0.0867,0.0152,-0.1101,0.1137,0.0293,-0.0510,0.0550,0.0102,-0.0416,0.0396,0.0184,-0.0355,0.0300,0.0294,0.0652,-4.626,0.0305,None
11.0913,-0.1061,0.0896,0.0102,-0.1086,0.1177,0.0268,-0.0498,0.0562,0.0088,-0.0417,0.0401,0.0170,-0.0370,0.0295,0.0279,0.0655,-4.515,0.0303,None
11.1050,-0.1039,0.0930,0.0048,-0.1062,0.1240,0.0257,-0.0484,0.0574,0.0076,-0.0417,0.0406,0.0156,-0.0384,0.0292,0.0263,0.0660,-4.734,0.0301,None
11.1188,-0.0994,0.0982,-0.0065,-0.1030,0.1329,0.0223,-0.0467,0.0590,0.0045,-0.0422,0.0413,0.0119,-0.0414,0.0288,0.0218,0.0666,-4.752,0.0301,None
11.1330,-0.0892,0.1062,-0.0204,-0.0988,0.1396,0.0162,-0.0420,0.0599,0.0003,-0.0419,0.0425,0.0066,-0.0440,0.0291,0.0152,0.0693,-4.741,0.0288,None
11.1465,-0.0741,0.1150,-0.0314,-0.0952,0.1431,0.0087,-0.0364,0.0592,-0.0034,-0.0408,0.0438,0.0013,-0.0453,0.0300,0.0079,0.0730,-5.162,0.0279,None
11.1604,-0.0622,0.1210,-0.0355,-0.0930,0.1446,0.0055,-0.0333,0.0582,-0.0063,-0.0396,0.0443,-0.0030,-0.0453,0.0309,0.0033,0.0750,-5.236,0.0291,None
11.1743,-0.0521,0.1255,-0.0366,-0.0917,0.1456,0.0017,-0.0322,0.0576,-0.0107,-0.0383,0.0444,-0.0078,-0.0450,0.0314,-0.0011,0.0753,-5.484,0.0325,None
11.1886,-0.0454,0.1282,-0.0365,-0.0909,0.1462,-0.0019,-0.0313,0.0576,-0.0149,-0.0369,0.0446,-0.0115,-0.0444,0.0317,-0.0051,0.0752,-5.374,0.0357,None
11.2019,-0.0403,0.1304,-0.0352,-0.0900,0.1467,-0.0041,-0.0304,0.0580,-0.0180,-0.0356,0.0449,-0.0140,-0.0436,0.0319,-0.0080,0.0750,-5.806,0.0382,None
11.2161,-0.0362,0.1314,-0.0358,-0.0876,0.1481,-0.0073,-0.0286,0.0584,-0.0198,-0.0341,0.0453,-0.0159,-0.0425,0.0326,-0.0104,0.0751,-5.345,0.0389,None
11.2301,-0.0311,0.1322,-0.0379,-0.0830,0.1506,-0.0110,-0.0263,0.0590,-0.0212,-0.0322,0.0461,-0.0173,-0.0411,0.0336,-0.0124,0.0753,-5.262,0.0390,None
11.2441,-0.0266,0.1329,-0.0390,-0.0792,0.1524,-0.0138,-0.0242,0.0594,-0.0223,-0.0306,0.0466,-0.0185,-0.0398,0.0344,-0.0141,0.0754,-5.330,0.0391,None
11.2575,-0.0220,0.1331,-0.0411,-0.0750,0.1543,-0.0175,-0.0221,0.0596,-0.0237,-0.0289,0.0471,-0.0199,-0.0384,0.0352,-0.0159,0.0755,-5.443,0.0392,None
11.2716,-0.0184,0.1333,-0.0426,-0.0718,0.1556,-0.0202,-0.0204,0.0598,-0.0247,-0.0275,0.0473,-0.0209,-0.0373,0.0357,-0.0174,0.0757,-5.174,0.0392,None
11.2854,-0.0147,0.1335,-0.0435,-0.0685,0.1569,-0.0227,-0.0187,0.0599,-0.0255,-0.0261,0.0476,-0.0219,-0.0360,0.0362,-0.0190,0.0758,-5.341,0.0393,None
11.2992,-0.0122,0.1338,-0.0435,-0.0662,0.1580,-0.0231,-0.0176,0.0601,-0.0257,-0.0252,0.0479,-0.0221,-0.0352,0.0367,-0.0196,0.0760,-5.412,0.0393,None
11.3134,-0.0106,0.1338,-0.0441,-0.0646,0.1586,-0.0241,-0.0170,0.0601,-0.0261,-0.0246,0.0479,-0.0225,-0.0348,0.0369,-0.0201,0.0761,-5.205,0.0393,None
11.3271,-0.0091,0.1337,-0.0450,-0.0629,0.1594,-0.0253,-0.0164,0.0601,-0.0266,-0.0240,0.0479,-0.0230,-0.0344,0.0370,-0.0206,0.0762,-5.404,0.0393,None
11.3410,-0.0072,0.1336,-0.0458,-0.0601,0.1607,-0.0267,-0.0156,0.0601,-0.0271,-0.0233,0.0479,-0.0235,-0.0338,0.0372,-0.0212,0.0763,-5.293,0.0393,None
11.3547,-0.0047,0.1338,-0.0456,-0.0568,0.1623,-0.0269,-0.0145,0.0603,-0.0272,-0.0224,0.0482,-0.0238,-0.0330,0.0377,-0.0216,0.0764,-5.456,0.0393,None
11.3688,-0.0014,0.1348,-0.0433,-0.0529,0.1643,-0.0244,-0.0133,0.0610,-0.0262,-0.0213,0.0490,-0.0232,-0.0321,0.0387,-0.0212,0.0766,-5.326,0.0393,None
11.3829,0.0025,0.1356,-0.0413,-0.0493,0.1660,-0.0223,-0.0120,0.0616,-0.0255,-0.0203,0.0496,-0.0227,-0.0313,0.0396,-0.0211,0.0770,-5.400,0.0393,None
11.3968,0.0065,0.1366,-0.0379,-0.0439,0.1683,-0.0187,-0.0103,0.0625,-0.0241,-0.0188,0.0506,-0.0218,-0.0300,0.0409,-0.0207,0.0771,-5.506,0.0393,None
11.4106,0.0094,0.1370,-0.0358,-0.0389,0.1701,-0.0162,-0.0090,0.0631,-0.0231,-0.0176,0.0513,-0.0212,-0.0290,0.0419,-0.0203,0.0772,-5.552,0.0392,None
11.4241,0.0123,0.1372,-0.0339,-0.0341,0.1716,-0.0140,-0.0077,0.0636,-0.0222,-0.0165,0.0519,-0.0206,-0.0280,0.0428,-0.0200,0.0772,-5.644,0.0392,None
11.4381,0.0132,0.1374,-0.0332,-0.0316,0.1722,-0.0127,-0.0074,0.0639,-0.0217,-0.0162,0.0522,-0.0201,-0.0277,0.0432,-0.0196,0.0772,-5.390,0.0392,None
11.4524,0.0122,0.1374,-0.0332,-0.0316,0.1712,-0.0137,-0.0080,0.0639,-0.0214,-0.0167,0.0521,-0.0198,-0.0281,0.0432,-0.0192,0.0772,-5.239,0.0391,None
11.4659,0.0103,0.1375,-0.0335,-0.0331,0.1692,-0.0157,-0.0091,0.0638,-0.0212,-0.0175,0.0519,-0.0195,-0.0288,0.0430,-0.0188,0.0772,-5.560,0.0391,None
11.4800,0.0088,0.1376,-0.0337,-0.0341,0.1674,-0.0171,-0.0099,0.0637,-0.0210,-0.0181,0.0517,-0.0193,-0.0293,0.0429,-0.0185,0.0773,-5.365,0.0391,None
11.4939,0.0072,0.1377,-0.0337,-0.0349,0.1637,-0.0210,-0.0107,0.0636,-0.0208,-0.0188,0.0515,-0.0190,-0.0298,0.0427,-0.0181,0.0773,-5.424,0.0390,None
11.5079,0.0059,0.1377,-0.0338,-0.0346,0.1543,-0.0306,-0.0114,0.0635,-0.0207,-0.0194,0.0513,-0.0187,-0.0303,0.0426,-0.0178,0.0774,-5.402,0.0391,None
11.5215,0.0047,0.1377,-0.0338,-0.0343,0.1472,-0.0359,-0.0120,0.0633,-0.0205,-0.0199,0.0512,-0.0185,-0.0308,0.0425,-0.0175,0.0774,-5.613,0.0391,None
11.5353,0.0040,0.1378,-0.0339,-0.0334,0.1396,-0.0404,-0.0124,0.0632,-0.0205,-0.0202,0.0510,-0.0184,-0.0311,0.0425,-0.0173,0.0775,-5.512,0.0391,None
11.5498,0.0035,0.1376,-0.0346,-0.0316,0.1299,-0.0456,-0.0125,0.0630,-0.0209,-0.0203,0.0508,-0.0186,-0.0312,0.0423,-0.0174,0.0775,-5.198,0.0392,None
11.5636,0.0030,0.1374,-0.0352,-0.0304,0.1234,-0.0481,-0.0127,0.0628,-0.0212,-0.0205,0.0506,-0.0188,-0.0314,0.0422,-0.0175,0.0775,-5.460,0.0393,None
11.5773,0.0025,0.1374,-0.0355,-0.0252,0.1040,-0.0500,-0.0130,0.0626,-0.0224,-0.0207,0.0505,-0.0190,-0.0316,0.0420,-0.0175,0.0775,-5.537,0.0403,None
11.5910,0.0022,0.1374,-0.0355,-0.0188,0.0860,-0.0433,-0.0133,0.0624,-0.0237,-0.0208,0.0503,-0.0197,-0.0319,0.0419,-0.0174,0.0775,-5.577,0.0415,None
11.6053,0.0015,0.1376,-0.0349,-0.0168,0.0800,-0.0387,-0.0139,0.0621,-0.0248,-0.0211,0.0501,-0.0205,-0.0323,0.0416,-0.0173,0.0777,-5.320,0.0425,None
11.6186,0.0002,0.1393,-0.0290,-0.0161,0.0762,-0.0336,-0.0152,0.0617,-0.0255,-0.0221,0.0496,-0.0209,-0.0332,0.0411,-0.0168,0.0791,-5.905,0.0431,None
11.6327,-0.0023,0.1401,-0.0252,-0.0166,0.0743,-0.0306,-0.0170,0.0611,-0.0255,-0.0236,0.0490,-0.0206,-0.0345,0.0403,-0.0160,0.0803,-5.608,0.0430,None
11.6465,-0.0054,0.1399,-0.0254,-0.0179,0.0733,-0.0301,-0.0188,0.0604,-0.0256,-0.0251,0.0482,-0.0204,-0.0358,0.0395,-0.0153,0.0806,-5.708,0.0430,None
11.6604,-0.0089,0.1395,-0.0265,-0.0195,0.0725,-0.0300,-0.0207,0.0596,-0.0257,-0.0267,0.0474,-0.0202,-0.0371,0.0385,-0.0145,0.0808,-5.687,0.0429,None
11.6741,-0.0115,0.1389,-0.0281,-0.0207,0.0719,-0.0305,-0.0219,0.0589,-0.0260,-0.0276,0.0468,-0.0203,-0.0378,0.0379,-0.0141,0.0807,-5.716,0.0429,None
11.6883,-0.0159,0.1377,-0.0292,-0.0216,0.0713,-0.0312,-0.0226,0.0584,-0.0265,-0.0282,0.0463,-0.0205,-0.0383,0.0375,-0.0139,0.0797,-5.426,0.0429,None
11.7024,-0.0220,0.1354,-0.0300,-0.0223,0.0709,-0.0319,-0.0233,0.0578,-0.0269,-0.0288,0.0458,-0.0207,-0.0387,0.0371,-0.0137,0.0777,-5.379,0.0429,None
11.7159,-0.0269,0.1330,-0.0306,-0.0227,0.0705,-0.0326,-0.0237,0.0574,-0.0274,-0.0291,0.0454,-0.0210,-0.0390,0.0368,-0.0137,0.0758,-5.472,0.0430,None
11.7303,-0.0299,0.1312,-0.0313,-0.0231,0.0701,-0.0332,-0.0240,0.0569,-0.0279,-0.0294,0.0451,-0.0214,-0.0392,0.0365,-0.0133,0.0746,-5.088,0.0430,None
11.7439,-0.0320,0.1298,-0.0321,-0.0234,0.0698,-0.0337,-0.0243,0.0565,-0.0283,-0.0296,0.0448,-0.0217,-0.0393,0.0363,-0.0130,0.0738,-5.312,0.0430,None
11.7575,-0.0332,0.1289,-0.0327,-0.0235,0.0697,-0.0341,-0.0245,0.0562,-0.0286,-0.0297,0.0445,-0.0220,-0.0394,0.0361,-0.0124,0.0733,-5.304,0.0430,None
11.7719,-0.0345,0.1282,-0.0331,-0.0238,0.0695,-0.0343,-0.0247,0.0559,-0.0288,-0.0300,0.0442,-0.0221,-0.0396,0.0359,-0.0118,0.0730,-5.008,0.0430,None
11.7854,-0.0357,0.1274,-0.0336,-0.0241,0.0693,-0.0345,-0.0250,0.0556,-0.0290,-0.0302,0.0440,-0.0223,-0.0398,0.0357,-0.0114,0.0727,-5.303,0.0430,None
11.7994,-0.0370,0.1267,-0.0338,-0.0244,0.0691,-0.0346,-0.0253,0.0553,-0.0291,-0.0304,0.0437,-0.0223,-0.0401,0.0354,-0.0115,0.0724,-5.109,0.0429,None
11.8136,-0.0382,0.1260,-0.0340,-0.0248,0.0689,-0.0346,-0.0257,0.0550,-0.0291,-0.0308,0.0434,-0.0223,-0.0404,0.0351,-0.0114,0.0722,-5.005,0.0429,None
11.8271,-0.0394,0.1253,-0.0341,-0.0252,0.0687,-0.0345,-0.0261,0.0548,-0.0290,-0.0311,0.0431,-0.0221,-0.0406,0.0349,-0.0112,0.0720,-5.274,0.0429,None
11.8411,-0.0406,0.1245,-0.0341,-0.0256,0.0685,-0.0344,-0.0265,0.0545,-0.0289,-0.0313,0.0428,-0.0220,-0.0409,0.0347,-0.0110,0.0717,-5.074,0.0428,None
11.8551,-0.0418,0.1237,-0.0341,-0.0259,0.0684,-0.0342,-0.0268,0.0542,-0.0288,-0.0316,0.0426,-0.0218,-0.0411,0.0345,-0.0108,0.0713,-5.019,0.0427,None
11.8689,-0.0426,0.1230,-0.0341,-0.0262,0.0683,-0.0341,-0.0271,0.0541,-0.0287,-0.0318,0.0424,-0.0215,-0.0413,0.0344,-0.0105,0.0709,-5.089,0.0426,None
11.8830,-0.0435,0.1223,-0.0340,-0.0263,0.0681,-0.0338,-0.0273,0.0539,-0.0285,-0.0320,0.0423,-0.0213,-0.0415,0.0343,-0.0102,0.0706,-4.967,0.0425,None
11.8964,-0.0443,0.1216,-0.0343,-0.0263,0.0679,-0.0332,-0.0276,0.0536,-0.0285,-0.0322,0.0420,-0.0211,-0.0416,0.0342,-0.0100,0.0703,-5.230,0.0424,None
11.9105,-0.0452,0.1209,-0.0347,-0.0264,0.0677,-0.0327,-0.0279,0.0533,-0.0285,-0.0325,0.0418,-0.0210,-0.0418,0.0340,-0.0098,0.0701,-4.981,0.0423,None
11.9246,-0.0460,0.1201,-0.0351,-0.0264,0.0674,-0.0323,-0.0283,0.0529,-0.0285,-0.0327,0.0415,-0.0209,-0.0420,0.0339,-0.0096,0.0698,-4.914,0.0422,None
11.9380,-0.0472,0.1192,-0.0358,-0.0269,0.0670,-0.0323,-0.0289,0.0524,-0.0285,-0.0332,0.0411,-0.0207,-0.0423,0.0336,-0.0093,0.0697,-5.218,0.0421,None
11.9523,-0.0487,0.1185,-0.0360,-0.0279,0.0667,-0.0323,-0.0297,0.0520,-0.0283,-0.0337,0.0407,-0.0203,-0.0427,0.0333,-0.0086,0.0696,-4.859,0.0420,None
11.9660,-0.0501,0.1177,-0.0361,-0.0288,0.0663,-0.0323,-0.0305,0.0515,-0.0281,-0.0343,0.0404,-0.0199,-0.0431,0.0331,-0.0080,0.0694,-5.066,0.0419,None
11.9797,-0.0521,0.1166,-0.0354,-0.0301,0.0660,-0.0319,-0.0316,0.0511,-0.0275,-0.0351,0.0400,-0.0191,-0.0435,0.0328,-0.0069,0.0691,-5.044,0.0418,None
11.9935,-0.0548,0.1154,-0.0339,-0.0318,0.0657,-0.0311,-0.0331,0.0507,-0.0266,-0.0362,0.0396,-0.0180,-0.0441,0.0325,-0.0054,0.0686,-4.992,0.0417,None
12.0077,-0.0588,0.1136,-0.0323,-0.0346,0.0648,-0.0302,-0.0354,0.0498,-0.0255,-0.0379,0.0388,-0.0165,-0.0449,0.0317,-0.0035,0.0682,-4.777,0.0417,None
12.0216,-0.0626,0.1118,-0.0306,-0.0375,0.0641,-0.0293,-0.0377,0.0489,-0.0242,-0.0394,0.0380,-0.0150,-0.0457,0.0310,-0.0015,0.0679,-4.874,0.0417,None
12.0354,-0.0674,0.1092,-0.0293,-0.0423,0.0636,-0.0290,-0.0406,0.0474,-0.0230,-0.0413,0.0367,-0.0133,-0.0465,0.0299,0.0006,0.0676,-4.848,0.0418,None
12.0496,-0.0718,0.1066,-0.0279,-0.0479,0.0639,-0.0286,-0.0441,0.0464,-0.0221,-0.0430,0.0355,-0.0117,-0.0472,0.0289,0.0025,0.0665,-4.685,0.0423,None
12.0633,-0.0757,0.1042,-0.0264,-0.0525,0.0638,-0.0277,-0.0482,0.0460,-0.0212,-0.0444,0.0344,-0.0101,-0.0478,0.0280,0.0043,0.0646,-4.767,0.0432,None
12.0770,-0.0773,0.1031,-0.0259,-0.0563,0.0654,-0.0277,-0.0544,0.0484,-0.0220,-0.0450,0.0340,-0.0096,-0.0479,0.0277,0.0049,0.0594,-4.624,0.0462,None
12.0913,-0.0768,0.1030,-0.0269,-0.0570,0.0680,-0.0276,-0.0782,0.0596,-0.0310,-0.0482,0.0365,-0.0112,-0.0477,0.0285,0.0047,0.0436,-4.055,0.0680,None
12.1049,-0.0771,0.1023,-0.0280,-0.0586,0.0702,-0.0280,-0.0906,0.0696,-0.0316,-0.0513,0.0389,-0.0123,-0.0482,0.0294,0.0022,0.0356,-3.087,0.0793,None
12.1188,-0.0767,0.1023,-0.0290,-0.0587,0.0718,-0.0282,-0.1045,0.0865,-0.0282,-0.0563,0.0418,-0.0155,-0.0488,0.0311,-0.0010,0.0320,-2.492,0.0930,None
12.1329,-0.0770,0.1024,-0.0275,-0.0579,0.0722,-0.0265,-0.1165,0.1081,-0.0147,-0.0617,0.0445,-0.0169,-0.0504,0.0322,-0.0035,0.0419,-2.152,0.1066,None
12.1465,-0.0782,0.1022,-0.0248,-0.0583,0.0720,-0.0241,-0.1202,0.1246,0.0033,-0.0634,0.0449,-0.0154,-0.0523,0.0321,-0.0040,0.0553,-2.857,0.1150,None
12.1605,-0.0793,0.1022,-0.0222,-0.0588,0.0718,-0.0221,-0.1192,0.1317,0.0152,-0.0644,0.0450,-0.0136,-0.0540,0.0321,-0.0041,0.0621,-3.715,0.1179,None
12.1743,-0.0807,0.1016,-0.0193,-0.0575,0.0691,-0.0201,-0.1185,0.1340,0.0232,-0.0650,0.0447,-0.0116,-0.0544,0.0318,-0.0026,0.0654,-4.288,0.1191,None
12.1886,-0.0816,0.1013,-0.0169,-0.0564,0.0673,-0.0185,-0.1183,0.1342,0.0274,-0.0654,0.0444,-0.0101,-0.0546,0.0316,-0.0014,0.0662,-4.409,0.1194,None
12.2025,-0.0825,0.1009,-0.0145,-0.0557,0.0661,-0.0170,-0.1182,0.1336,0.0305,-0.0657,0.0441,-0.0086,-0.0549,0.0314,-0.0003,0.0661,-4.597,0.1194,None
12.2161,-0.0833,0.1004,-0.0122,-0.0559,0.0655,-0.0155,-0.1181,0.1330,0.0333,-0.0660,0.0438,-0.0071,-0.0551,0.0312,0.0009,0.0659,-4.710,0.1193,None
12.2303,-0.0836,0.1001,-0.0106,-0.0561,0.0654,-0.0145,-0.1176,0.1328,0.0351,-0.0661,0.0436,-0.0060,-0.0553,0.0311,0.0017,0.0657,-4.485,0.1193,None
12.2440,-0.0840,0.0999,-0.0090,-0.0563,0.0652,-0.0135,-0.1172,0.1326,0.0369,-0.0662,0.0434,-0.0049,-0.0555,0.0310,0.0026,0.0654,-4.634,0.1192,None
12.2576,-0.0844,0.0995,-0.0080,-0.0565,0.0650,-0.0129,-0.1169,0.1324,0.0377,-0.0663,0.0431,-0.0041,-0.0558,0.0310,0.0032,0.0651,-4.681,0.1192,None
12.2719,-0.0846,0.0992,-0.0075,-0.0565,0.0648,-0.0125,-0.1170,0.1318,0.0374,-0.0662,0.0430,-0.0036,-0.0559,0.0310,0.0035,0.0642,-4.453,0.1189,None
12.2857,-0.0845,0.0992,-0.0070,-0.0563,0.0648,-0.0122,-0.1168,0.1316,0.0371,-0.0660,0.0429,-0.0033,-0.0560,0.0311,0.0037,0.0636,-4.587,0.1187,None
12.2994,-0.0843,0.0990,-0.0064,-0.0561,0.0648,-0.0119,-0.1165,0.1315,0.0371,-0.0654,0.0426,-0.0031,-0.0561,0.0312,0.0040,0.0631,-4.567,0.1186,None
12.3135,-0.0839,0.0992,-0.0057,-0.0557,0.0650,-0.0115,-0.1158,0.1319,0.0375,-0.0648,0.0427,-0.0027,-0.0561,0.0315,0.0042,0.0628,-4.370,0.1185,None
12.3276,-0.0834,0.0995,-0.0052,-0.0553,0.0652,-0.0112,-0.1151,0.1323,0.0379,-0.0645,0.0429,-0.0025,-0.0561,0.0318,0.0043,0.0627,-4.393,0.1185,None
12.3416,-0.0831,0.0997,-0.0049,-0.0549,0.0654,-0.0109,-0.1145,0.1326,0.0381,-0.0643,0.0431,-0.0023,-0.0561,0.0320,0.0044,0.0626,-4.402,0.1184,None
12.3549,-0.0818,0.1008,-0.0035,-0.0540,0.0661,-0.0099,-0.1135,0.1319,0.0378,-0.0637,0.0439,-0.0014,-0.0598,0.0354,0.0051,0.0606,-4.558,0.1177,None
12.3692,-0.0806,0.1019,-0.0024,-0.0532,0.0668,-0.0091,-0.1132,0.1293,0.0350,-0.0647,0.0451,-0.0012,-0.0678,0.0426,0.0071,0.0567,-4.107,0.1164,None
12.3830,-0.0793,0.1029,-0.0014,-0.0524,0.0675,-0.0084,-0.1123,0.1278,0.0334,-0.0691,0.0474,-0.0020,-0.0745,0.0484,0.0086,0.0540,-3.995,0.1153,None
12.3968,-0.0781,0.1043,-0.0009,-0.0552,0.0687,-0.0090,-0.1102,0.1292,0.0345,-0.0921,0.0631,-0.0006,-0.0959,0.0691,0.0197,0.0539,-3.797,0.1153,None
12.4107,-0.0772,0.1059,-0.0016,-0.0592,0.0702,-0.0102,-0.1089,0.1302,0.0342,-0.1097,0.0889,0.0147,-0.1034,0.0928,0.0497,0.0537,-3.819,0.1152,None
12.4247,-0.0763,0.1074,-0.0024,-0.0629,0.0717,-0.0113,-0.1077,0.1311,0.0339,-0.1119,0.1023,0.0261,-0.0991,0.1002,0.0644,0.0535,-3.779,0.1151,None
12.4385,-0.0756,0.1080,-0.0037,-0.0650,0.0728,-0.0129,-0.1075,0.1315,0.0319,-0.1106,0.1165,0.0404,-0.0920,0.1049,0.0785,0.0532,-3.900,0.1150,None
12.4525,-0.0751,0.1089,-0.0055,-0.0674,0.0741,-0.0144,-0.1079,0.1307,0.0291,-0.1090,0.1214,0.0454,-0.0883,0.1055,0.0852,0.0524,-3.868,0.1146,None
12.4662,-0.0744,0.1098,-0.0071,-0.0677,0.0750,-0.0157,-0.1102,0.1200,0.0161,-0.1088,0.1224,0.0444,-0.0882,0.1025,0.0908,0.0438,-3.868,0.1104,None
12.4798,-0.0736,0.1106,-0.0087,-0.0676,0.0758,-0.0170,-0.1093,0.1102,0.0055,-0.1088,0.1231,0.0429,-0.0894,0.0995,0.0936,0.0385,-3.272,0.1061,None
12.4939,-0.0725,0.1114,-0.0099,-0.0667,0.0765,-0.0180,-0.1026,0.0933,-0.0078,-0.1083,0.1241,0.0414,-0.0897,0.0990,0.0942,0.0352,-2.784,0.0968,None
12.5080,-0.0714,0.1121,-0.0110,-0.0658,0.0770,-0.0190,-0.0910,0.0784,-0.0157,-0.1076,0.1251,0.0400,-0.0897,0.0999,0.0932,0.0393,-2.551,0.0858,None
12.5216,-0.0702,0.1128,-0.0121,-0.0647,0.0775,-0.0200,-0.0838,0.0722,-0.0187,-0.1068,0.1262,0.0384,-0.0896,0.1010,0.0922,0.0433,-2.941,0.0801,None
12.5353,-0.0691,0.1134,-0.0130,-0.0636,0.0778,-0.0207,-0.0736,0.0652,-0.0194,-0.1058,0.1274,0.0373,-0.0890,0.1022,0.0914,0.0488,-3.166,0.0717,None
12.5496,-0.0684,0.1139,-0.0135,-0.0627,0.0779,-0.0210,-0.0671,0.0623,-0.0184,-0.1049,0.1282,0.0368,-0.0883,0.1031,0.0910,0.0518,-3.404,0.0661,None
12.5635,-0.0676,0.1143,-0.0138,-0.0596,0.0767,-0.0208,-0.0633,0.0612,-0.0176,-0.1041,0.1290,0.0364,-0.0876,0.1040,0.0907,0.0534,-3.696,0.0629,None
12.5770,-0.0669,0.1148,-0.0138,-0.0553,0.0751,-0.0199,-0.0613,0.0609,-0.0170,-0.1031,0.1297,0.0364,-0.0867,0.1047,0.0907,0.0542,-3.921,0.0613,None
12.5915,-0.0661,0.1152,-0.0136,-0.0517,0.0741,-0.0188,-0.0604,0.0611,-0.0167,-0.1022,0.1303,0.0367,-0.0858,0.1054,0.0908,0.0545,-3.725,0.0608,None
12.6051,-0.0654,0.1156,-0.0134,-0.0486,0.0735,-0.0178,-0.0593,0.0612,-0.0163,-0.1012,0.1309,0.0369,-0.0849,0.1060,0.0909,0.0549,-3.970,0.0602,None
12.6187,-0.0648,0.1159,-0.0130,-0.0459,0.0732,-0.0167,-0.0584,0.0612,-0.0159,-0.1002,0.1315,0.0374,-0.0837,0.1067,0.0912,0.0552,-3.995,0.0596,None
12.6329,-0.0642,0.1162,-0.0125,-0.0445,0.0731,-0.0160,-0.0579,0.0615,-0.0154,-0.0991,0.1321,0.0381,-0.0825,0.1073,0.0916,0.0552,-3.851,0.0594,None
12.6469,-0.0637,0.1165,-0.0120,-0.0439,0.0733,-0.0157,-0.0575,0.0617,-0.0150,-0.0981,0.1327,0.0388,-0.0813,0.1077,0.0921,0.0551,-3.889,0.0593,None
12.6605,-0.0632,0.1167,-0.0114,-0.0433,0.0734,-0.0153,-0.0570,0.0620,-0.0146,-0.0970,0.1332,0.0395,-0.0802,0.1082,0.0926,0.0551,-4.007,0.0591,None
12.6742,-0.0626,0.1169,-0.0110,-0.0426,0.0735,-0.0150,-0.0566,0.0622,-0.0144,-0.0961,0.1338,0.0400,-0.0793,0.1085,0.0929,0.0551,-3.983,0.0590,None
12.6884,-0.0622,0.1168,-0.0105,-0.0421,0.0735,-0.0148,-0.0562,0.0624,-0.0142,-0.0954,0.1342,0.0403,-0.0787,0.1088,0.0931,0.0549,-3.799,0.0590,None
12.7023,-0.0621,0.1162,-0.0094,-0.0415,0.0736,-0.0146,-0.0559,0.0626,-0.0141,-0.0946,0.1347,0.0406,-0.0781,0.1091,0.0932,0.0542,-3.856,0.0589,None
12.7160,-0.0620,0.1157,-0.0083,-0.0406,0.0732,-0.0144,-0.0555,0.0628,-0.0138,-0.0940,0.1350,0.0412,-0.0776,0.1091,0.0936,0.0536,-3.884,0.0589,None
12.7301,-0.0618,0.1155,-0.0075,-0.0399,0.0728,-0.0141,-0.0553,0.0629,-0.0136,-0.0935,0.1353,0.0417,-0.0772,0.1091,0.0939,0.0533,-3.726,0.0588,None
12.7440,-0.0616,0.1153,-0.0068,-0.0393,0.0725,-0.0137,-0.0550,0.0630,-0.0133,-0.0930,0.1355,0.0423,-0.0768,0.1090,0.0943,0.0531,-3.773,0.0587,None
12.7576,-0.0617,0.1146,-0.0056,-0.0390,0.0724,-0.0133,-0.0549,0.0630,-0.0129,-0.0928,0.1354,0.0431,-0.0766,0.1086,0.0949,0.0526,-3.814,0.0586,None
12.7719,-0.0617,0.1136,-0.0042,-0.0388,0.0723,-0.0129,-0.0549,0.0629,-0.0125,-0.0927,0.1353,0.0440,-0.0764,0.1082,0.0956,0.0517,-3.560,0.0585,None
12.7854,-0.0618,0.1127,-0.0031,-0.0385,0.0721,-0.0124,-0.0550,0.0629,-0.0121,-0.0926,0.1352,0.0449,-0.0762,0.1078,0.0962,0.0511,-3.750,0.0585,None
12.7994,-0.0617,0.1121,-0.0021,-0.0379,0.0719,-0.0118,-0.0550,0.0629,-0.0117,-0.0923,0.1352,0.0458,-0.0758,0.1075,0.0969,0.0505,-3.584,0.0584,None
12.8135,-0.0615,0.1116,-0.0012,-0.0377,0.0719,-0.0114,-0.0553,0.0632,-0.0113,-0.0918,0.1353,0.0468,-0.0750,0.1073,0.0977,0.0499,-3.521,0.0587,None
12.8274,-0.0613,0.1116,-0.0007,-0.0377,0.0719,-0.0110,-0.0566,0.0640,-0.0111,-0.0907,0.1361,0.0489,-0.0741,0.1072,0.0985,0.0489,-3.549,0.0599,None
12.8411,-0.0611,0.1116,-0.0002,-0.0376,0.0719,-0.0106,-0.0618,0.0675,-0.0115,-0.0886,0.1380,0.0529,-0.0730,0.1071,0.0994,0.0456,-3.548,0.0647,None
12.8550,-0.0608,0.1117,-0.0002,-0.0375,0.0719,-0.0106,-0.0645,0.0695,-0.0117,-0.0877,0.1385,0.0536,-0.0720,0.1075,0.0999,0.0439,-3.243,0.0675,None
12.8692,-0.0604,0.1119,-0.0002,-0.0373,0.0720,-0.0106,-0.0647,0.0700,-0.0116,-0.0869,0.1390,0.0538,-0.0708,0.1079,0.1002,0.0437,-3.082,0.0678,None
12.8829,-0.0600,0.1121,-0.0003,-0.0372,0.0721,-0.0106,-0.0650,0.0704,-0.0115,-0.0860,0.1395,0.0541,-0.0693,0.1083,0.1010,0.0434,-3.166,0.0683,None
12.8965,-0.0594,0.1124,-0.0005,-0.0369,0.0722,-0.0107,-0.0648,0.0709,-0.0114,-0.0849,0.1402,0.0541,-0.0679,0.1089,0.1013,0.0433,-3.176,0.0685,None
12.9105,-0.0586,0.1128,-0.0007,-0.0364,0.0724,-0.0108,-0.0643,0.0714,-0.0114,-0.0837,0.1410,0.0541,-0.0665,0.1095,0.1017,0.0431,-3.085,0.0685,None
12.9248,-0.0578,0.1132,-0.0009,-0.0359,0.0727,-0.0109,-0.0638,0.0720,-0.0114,-0.0824,0.1417,0.0541,-0.0648,0.1100,0.1022,0.0429,-3.022,0.0686,None
12.9382,-0.0568,0.1137,-0.0009,-0.0352,0.0730,-0.0109,-0.0631,0.0727,-0.0114,-0.0810,0.1425,0.0543,-0.0628,0.1101,0.1035,0.0428,-3.216,0.0686,None
12.9524,-0.0557,0.1143,-0.0010,-0.0344,0.0733,-0.0108,-0.0624,0.0734,-0.0114,-0.0800,0.1431,0.0545,-0.0609,0.1098,0.1050,0.0427,-3.019,0.0686,None
12.9660,-0.0557,0.1142,-0.0007,-0.0344,0.0734,-0.0106,-0.0662,0.0790,-0.0100,-0.0794,0.1434,0.0563,-0.0607,0.1091,0.1059,0.0379,-3.100,0.0723,None
12.9802,-0.0556,0.1136,0.0000,-0.0345,0.0735,-0.0103,-0.0756,0.0935,-0.0060,-0.0751,0.1461,0.0637,-0.0608,0.1084,0.1065,0.0290,-2.620,0.0831,None
12.9939,-0.0563,0.1126,0.0007,-0.0353,0.0734,-0.0100,-0.0858,0.1213,0.0082,-0.0700,0.1481,0.0727,-0.0615,0.1073,0.1072,0.0317,-2.019,0.1010,None
13.0076,-0.0572,0.1120,0.0009,-0.0388,0.0739,-0.0108,-0.0837,0.1449,0.0284,-0.0656,0.1490,0.0800,-0.0625,0.1062,0.1076,0.0504,-2.228,0.1133,None
13.0220,-0.0581,0.1115,0.0009,-0.0422,0.0746,-0.0115,-0.0795,0.1531,0.0391,-0.0635,0.1489,0.0840,-0.0634,0.1053,0.1081,0.0604,-3.436,0.1173,None
13.0354,-0.0589,0.1111,0.0009,-0.0445,0.0750,-0.0119,-0.0759,0.1576,0.0464,-0.0612,0.1487,0.0879,-0.0642,0.1043,0.1085,0.0673,-4.442,0.1194,None
13.0499,-0.0596,0.1107,0.0007,-0.0467,0.0754,-0.0124,-0.0744,0.1594,0.0498,-0.0597,0.1484,0.0905,-0.0635,0.1031,0.1100,0.0707,-4.576,0.1204,None
13.0634,-0.0604,0.1103,0.0004,-0.0487,0.0758,-0.0129,-0.0740,0.1602,0.0519,-0.0591,0.1479,0.0924,-0.0630,0.1017,0.1115,0.0730,-5.166,0.1210,None
13.0773,-0.0610,0.1100,0.0000,-0.0507,0.0764,-0.0135,-0.0739,0.1607,0.0531,-0.0589,0.1475,0.0936,-0.0632,0.1007,0.1121,0.0746,-5.233,0.1214,None
13.0912,-0.0612,0.1098,-0.0005,-0.0516,0.0769,-0.0140,-0.0744,0.1606,0.0530,-0.0597,0.1474,0.0934,-0.0641,0.1003,0.1119,0.0749,-5.303,0.1215,None
13.1048,-0.0614,0.1097,-0.0010,-0.0525,0.0773,-0.0146,-0.0748,0.1607,0.0528,-0.0605,0.1472,0.0932,-0.0651,0.1000,0.1117,0.0753,-5.482,0.1216,None
13.1188,-0.0615,0.1097,-0.0016,-0.0526,0.0775,-0.0150,-0.0751,0.1607,0.0526,-0.0612,0.1470,0.0930,-0.0661,0.0997,0.1114,0.0756,-5.319,0.1216,None
13.1331,-0.0616,0.1097,-0.0020,-0.0527,0.0777,-0.0153,-0.0754,0.1607,0.0525,-0.0620,0.1468,0.0929,-0.0671,0.0993,0.1111,0.0759,-5.261,0.1217,None
13.1465,-0.0617,0.1096,-0.0024,-0.0530,0.0780,-0.0156,-0.0758,0.1606,0.0526,-0.0628,0.1465,0.0929,-0.0681,0.0988,0.1109,0.0763,-5.594,0.1218,None
13.1606,-0.0618,0.1096,-0.0028,-0.0543,0.0802,-0.0155,-0.0752,0.1612,0.0540,-0.0636,0.1462,0.0929,-0.0691,0.0983,0.1107,0.0779,-5.371,0.1221,None
13.1747,-0.0621,0.1094,-0.0031,-0.0564,0.0840,-0.0148,-0.0733,0.1626,0.0572,-0.0645,0.1458,0.0930,-0.0700,0.0978,0.1105,0.0812,-5.468,0.1229,None
13.1886,-0.0625,0.1092,-0.0034,-0.0579,0.0864,-0.0143,-0.0718,0.1636,0.0600,-0.0653,0.1454,0.0930,-0.0709,0.0973,0.1104,0.0841,-5.814,0.1236,None
13.2026,-0.0628,0.1089,-0.0038,-0.0590,0.0880,-0.0140,-0.0707,0.1642,0.0622,-0.0662,0.1450,0.0931,-0.0718,0.0968,0.1103,0.0864,-5.940,0.1241,None
13.2160,-0.0631,0.1087,-0.0040,-0.0593,0.0879,-0.0142,-0.0712,0.1640,0.0626,-0.0669,0.1446,0.0933,-0.0726,0.0963,0.1102,0.0870,-6.411,0.1242,None
13.2301,-0.0633,0.1082,-0.0042,-0.0596,0.0879,-0.0144,-0.0719,0.1638,0.0626,-0.0676,0.1443,0.0933,-0.0733,0.0958,0.1100,0.0873,-6.072,0.1242,None
13.2440,-0.0635,0.1077,-0.0043,-0.0599,0.0878,-0.0146,-0.0725,0.1635,0.0626,-0.0683,0.1439,0.0934,-0.0740,0.0954,0.1099,0.0877,-6.253,0.1243,None
13.2577,-0.0637,0.1074,-0.0047,-0.0602,0.0878,-0.0149,-0.0731,0.1634,0.0625,-0.0689,0.1438,0.0932,-0.0747,0.0951,0.1097,0.0880,-6.331,0.1243,None
13.2720,-0.0638,0.1073,-0.0052,-0.0603,0.0878,-0.0152,-0.0735,0.1634,0.0622,-0.0693,0.1437,0.0931,-0.0753,0.0950,0.1094,0.0882,-6.065,0.1243,None
13.2857,-0.0639,0.1072,-0.0057,-0.0605,0.0877,-0.0156,-0.0739,0.1634,0.0619,-0.0698,0.1436,0.0929,-0.0758,0.0948,0.1091,0.0885,-6.377,0.1244,None
13.2993,-0.0639,0.1071,-0.0062,-0.0606,0.0877,-0.0160,-0.0742,0.1634,0.0616,-0.0699,0.1436,0.0929,-0.0763,0.0948,0.1088,0.0888,-6.442,0.1244,None
13.3134,-0.0640,0.1070,-0.0066,-0.0608,0.0877,-0.0163,-0.0743,0.1635,0.0614,-0.0698,0.1436,0.0930,-0.0765,0.0947,0.1086,0.0891,-6.231,0.1244,None
13.3270,-0.0639,0.1070,-0.0070,-0.0608,0.0878,-0.0165,-0.0743,0.1636,0.0613,-0.0694,0.1437,0.0934,-0.0767,0.0947,0.1085,0.0893,-6.473,0.1245,None
13.3413,-0.0638,0.1070,-0.0073,-0.0608,0.0879,-0.0167,-0.0741,0.1638,0.0612,-0.0690,0.1437,0.0937,-0.0767,0.0947,0.1084,0.0896,-6.176,0.1245,None
13.3548,-0.0636,0.1070,-0.0075,-0.0608,0.0881,-0.0167,-0.0739,0.1639,0.0615,-0.0684,0.1437,0.0943,-0.0767,0.0946,0.1085,0.0899,-6.545,0.1245,None
13.3691,-0.0634,0.1071,-0.0074,-0.0608,0.0883,-0.0166,-0.0735,0.1639,0.0620,-0.0678,0.1435,0.0950,-0.0766,0.0943,0.1088,0.0903,-6.212,0.1246,None
13.3830,-0.0633,0.1072,-0.0073,-0.0607,0.0885,-0.0164,-0.0730,0.1640,0.0626,-0.0673,0.1434,0.0957,-0.0764,0.0941,0.1091,0.0906,-6.355,0.1246,None
13.3966,-0.0631,0.1073,-0.0071,-0.0607,0.0888,-0.0160,-0.0724,0.1640,0.0635,-0.0668,0.1431,0.0964,-0.0762,0.0937,0.1096,0.0910,-6.578,0.1247,None
13.4107,-0.0628,0.1075,-0.0068,-0.0605,0.0891,-0.0157,-0.0716,0.1641,0.0644,-0.0662,0.1429,0.0972,-0.0761,0.0931,0.1101,0.0914,-6.321,0.1247,None
13.4242,-0.0626,0.1076,-0.0065,-0.0604,0.0894,-0.0153,-0.0704,0.1644,0.0658,-0.0656,0.1427,0.0979,-0.0763,0.0920,0.1108,0.0923,-6.663,0.1249,None
13.4384,-0.0623,0.1078,-0.0062,-0.0602,0.0897,-0.0149,-0.0695,0.1645,0.0669,-0.0649,0.1424,0.0988,-0.0762,0.0913,0.1114,0.0927,-6.396,0.1250,None
13.4523,-0.0618,0.1081,-0.0058,-0.0599,0.0902,-0.0145,-0.0685,0.1646,0.0679,-0.0641,0.1422,0.0997,-0.0757,0.0910,0.1119,0.0931,-6.523,0.1250,None
13.4661,-0.0612,0.1085,-0.0053,-0.0594,0.0907,-0.0139,-0.0673,0.1646,0.0691,-0.0631,0.1418,0.1008,-0.0752,0.0907,0.1125,0.0934,-6.630,0.1250,None
13.4800,-0.0605,0.1089,-0.0047,-0.0589,0.0913,-0.0133,-0.0659,0.1647,0.0705,-0.0619,0.1415,0.1020,-0.0746,0.0903,0.1132,0.0938,-6.587,0.1251,None
13.4940,-0.0596,0.1094,-0.0044,-0.0581,0.0920,-0.0130,-0.0647,0.1647,0.0716,-0.0611,0.1412,0.1030,-0.0743,0.0900,0.1135,0.0941,-6.581,0.1251,None
13.5075,-0.0582,0.1102,-0.0045,-0.0569,0.0929,-0.0130,-0.0634,0.1650,0.0723,-0.0604,0.1410,0.1036,-0.0746,0.0899,0.1134,0.0945,-6.813,0.1251,None
13.5219,-0.0566,0.1111,-0.0046,-0.0555,0.0939,-0.0130,-0.0619,0.1652,0.0731,-0.0598,0.1408,0.1042,-0.0749,0.0898,0.1132,0.0948,-6.464,0.1252,None
13.5353,-0.0534,0.1127,-0.0055,-0.0525,0.0955,-0.0140,-0.0601,0.1660,0.0729,-0.0597,0.1411,0.1039,-0.0766,0.0904,0.1115,0.0951,-6.955,0.1252,None
13.5496,-0.0484,0.1148,-0.0069,-0.0477,0.0977,-0.0154,-0.0570,0.1674,0.0723,-0.0592,0.1421,0.1029,-0.0785,0.0919,0.1089,0.0954,-6.641,0.1252,None
13.5644,-0.0430,0.1168,-0.0081,-0.0426,0.0998,-0.0166,-0.0538,0.1687,0.0717,-0.0586,0.1431,0.1018,-0.0801,0.0934,0.1063,0.0957,-6.394,0.1252,None
13.5778,-0.0367,0.1188,-0.0092,-0.0366,0.1018,-0.0178,-0.0500,0.1703,0.0707,-0.0577,0.1445,0.1003,-0.0807,0.0946,0.1044,0.0960,-7.081,0.1252,None
13.5913,-0.0303,0.1203,-0.0103,-0.0302,0.1035,-0.0187,-0.0463,0.1716,0.0699,-0.0570,0.1459,0.0988,-0.0820,0.0961,0.1016,0.0965,-7.111,0.1252,None
13.6034,-0.0249,0.1212,-0.0113,-0.0244,0.1043,-0.0193,-0.0430,0.1727,0.0693,-0.0564,0.1470,0.0974,-0.0831,0.0976,0.0989,0.0973,-7.987,0.1252,None
13.6173,-0.0202,0.1218,-0.0112,-0.0190,0.1031,-0.0193,-0.0401,0.1730,0.0702,-0.0557,0.1473,0.0974,-0.0843,0.0988,0.0966,0.0982,-6.908,0.1252,None
13.6315,-0.0175,0.1220,-0.0108,-0.0154,0.1011,-0.0189,-0.0385,0.1727,0.0717,-0.0555,0.1468,0.0982,-0.0852,0.0991,0.0955,0.0990,-6.877,0.1252,None
13.6460,-0.0160,0.1221,-0.0102,-0.0134,0.1003,-0.0183,-0.0382,0.1722,0.0729,-0.0561,0.1461,0.0989,-0.0865,0.0987,0.0947,0.0996,-6.730,0.1252,None
13.6593,-0.0142,0.1222,-0.0096,-0.0114,0.0998,-0.0176,-0.0378,0.1718,0.0739,-0.0566,0.1456,0.0994,-0.0878,0.0984,0.0936,0.0999,-7.404,0.1251,None
13.6730,-0.0130,0.1223,-0.0096,-0.0100,0.1000,-0.0171,-0.0378,0.1716,0.0743,-0.0574,0.1452,0.0994,-0.0896,0.0980,0.0922,0.1004,-7.209,0.1251,None
13.6882,-0.0119,0.1222,-0.0109,-0.0088,0.1004,-0.0174,-0.0386,0.1718,0.0733,-0.0592,0.1455,0.0980,-0.0922,0.0982,0.0892,0.1013,-6.652,0.1251,None
13.7016,-0.0102,0.1232,-0.0126,-0.0082,0.1024,-0.0181,-0.0392,0.1720,0.0726,-0.0608,0.1458,0.0967,-0.0943,0.0985,0.0865,0.1024,-7.573,0.1251,None
13.7147,-0.0101,0.1244,-0.0190,-0.0161,0.1287,-0.0157,-0.0416,0.1728,0.0711,-0.0625,0.1431,0.0995,-0.0988,0.0976,0.0815,0.1071,-8.073,0.1256,None
13.7289,-0.0114,0.1248,-0.0238,-0.0234,0.1629,0.0103,-0.0431,0.1692,0.0856,-0.0659,0.1396,0.1016,-0.1050,0.0945,0.0757,0.1223,-7.659,0.1277,None
13.7425,-0.0098,0.1250,-0.0278,-0.0235,0.1724,0.0247,-0.0455,0.1669,0.0902,-0.0696,0.1385,0.1002,-0.1098,0.0919,0.0707,0.1302,-9.179,0.1284,None
13.7565,-0.0057,0.1253,-0.0313,-0.0202,0.1778,0.0440,-0.0481,0.1637,0.0950,-0.0741,0.1383,0.0969,-0.1138,0.0889,0.0671,0.1386,-9.493,0.1289,None
13.7707,-0.0042,0.1251,-0.0334,-0.0188,0.1782,0.0514,-0.0490,0.1611,0.0983,-0.0766,0.1383,0.0949,-0.1153,0.0874,0.0662,0.1437,-9.785,0.1291,None
13.7843,-0.0040,0.1248,-0.0354,-0.0196,0.1784,0.0528,-0.0505,0.1598,0.0991,-0.0794,0.1379,0.0930,-0.1168,0.0861,0.0652,0.1465,-10.524,0.1291,None
13.7980,-0.0048,0.1247,-0.0358,-0.0207,0.1784,0.0524,-0.0514,0.1590,0.0997,-0.0810,0.1370,0.0929,-0.1174,0.0851,0.0652,0.1473,-10.528,0.1291,None
13.8122,-0.0051,0.1248,-0.0356,-0.0212,0.1783,0.0527,-0.0520,0.1585,0.1002,-0.0818,0.1361,0.0934,-0.1177,0.0844,0.0654,0.1476,-10.198,0.1291,None
13.8264,-0.0048,0.1252,-0.0354,-0.0214,0.1781,0.0532,-0.0523,0.1580,0.1009,-0.0820,0.1354,0.0941,-0.1178,0.0839,0.0658,0.1480,-10.255,0.1291,None
13.8396,-0.0044,0.1257,-0.0354,-0.0217,0.1779,0.0536,-0.0527,0.1575,0.1014,-0.0824,0.1347,0.0948,-0.1180,0.0835,0.0660,0.1485,-11.065,0.1291,None
13.8539,-0.0040,0.1261,-0.0355,-0.0219,0.1778,0.0538,-0.0531,0.1571,0.1019,-0.0827,0.1341,0.0953,-0.1182,0.0831,0.0661,0.1491,-10.238,0.1291,None
13.8677,-0.0038,0.1263,-0.0356,-0.0222,0.1777,0.0539,-0.0534,0.1568,0.1022,-0.0829,0.1336,0.0958,-0.1183,0.0827,0.0663,0.1495,-10.641,0.1291,None
13.8820,-0.0037,0.1265,-0.0357,-0.0224,0.1776,0.0540,-0.0537,0.1565,0.1024,-0.0832,0.1331,0.0962,-0.1185,0.0824,0.0665,0.1499,-10.298,0.1291,None
13.8956,-0.0037,0.1267,-0.0358,-0.0228,0.1776,0.0540,-0.0541,0.1562,0.1026,-0.0836,0.1326,0.0965,-0.1187,0.0821,0.0666,0.1502,-10.851,0.1291,None
13.9095,-0.0039,0.1267,-0.0358,-0.0233,0.1775,0.0539,-0.0547,0.1559,0.1027,-0.0840,0.1321,0.0968,-0.1189,0.0817,0.0666,0.1504,-10.639,0.1292,None
13.9237,-0.0041,0.1268,-0.0358,-0.0238,0.1775,0.0538,-0.0552,0.1557,0.1029,-0.0844,0.1316,0.0970,-0.1192,0.0813,0.0667,0.1506,-10.448,0.1292,None
13.9368,-0.0042,0.1269,-0.0358,-0.0243,0.1774,0.0538,-0.0557,0.1553,0.1031,-0.0848,0.1310,0.0973,-0.1194,0.0809,0.0668,0.1508,-11.410,0.1292,None
13.9511,-0.0045,0.1269,-0.0357,-0.0248,0.1773,0.0537,-0.0563,0.1550,0.1032,-0.0853,0.1305,0.0976,-0.1196,0.0805,0.0669,0.1510,-10.366,0.1292,None
13.9645,-0.0047,0.1269,-0.0357,-0.0254,0.1772,0.0536,-0.0568,0.1547,0.1034,-0.0857,0.1300,0.0978,-0.1198,0.0800,0.0670,0.1512,-11.089,0.1292,None
13.9789,-0.0050,0.1269,-0.0358,-0.0260,0.1771,0.0535,-0.0574,0.1544,0.1035,-0.0862,0.1295,0.0980,-0.1200,0.0796,0.0670,0.1513,-10.370,0.1292,None
13.9927,-0.0052,0.1269,-0.0359,-0.0265,0.1771,0.0533,-0.0580,0.1541,0.1035,-0.0866,0.1291,0.0981,-0.1203,0.0793,0.0670,0.1515,-10.818,0.1291,None
14.0069,-0.0054,0.1269,-0.0360,-0.0270,0.1770,0.0531,-0.0586,0.1539,0.1035,-0.0871,0.1287,0.0982,-0.1205,0.0790,0.0670,0.1517,-10.545,0.1291,None
14.0209,-0.0056,0.1269,-0.0361,-0.0275,0.1770,0.0529,-0.0592,0.1537,0.1034,-0.0876,0.1284,0.0982,-0.1207,0.0787,0.0669,0.1518,-10.670,0.1291,None
14.0344,-0.0058,0.1268,-0.0362,-0.0280,0.1770,0.0526,-0.0597,0.1535,0.1034,-0.0879,0.1281,0.0981,-0.1209,0.0785,0.0669,0.1519,-11.131,0.1291,None
14.0484,-0.0060,0.1268,-0.0363,-0.0284,0.1770,0.0523,-0.0602,0.1534,0.1033,-0.0883,0.1278,0.0981,-0.1210,0.0783,0.0668,0.1521,-10.699,0.1291,None
14.0622,-0.0062,0.1268,-0.0365,-0.0288,0.1770,0.0520,-0.0606,0.1533,0.1032,-0.0886,0.1276,0.0981,-0.1212,0.0781,0.0668,0.1522,-10.825,0.1291,None
14.0757,-0.0064,0.1267,-0.0367,-0.0291,0.1770,0.0517,-0.0610,0.1532,0.1030,-0.0888,0.1274,0.0981,-0.1212,0.0779,0.0669,0.1524,-11.138,0.1291,None
14.0898,-0.0066,0.1267,-0.0370,-0.0294,0.1770,0.0513,-0.0612,0.1532,0.1029,-0.0890,0.1272,0.0981,-0.1213,0.0778,0.0669,0.1525,-10.659,0.1291,None
14.1044,-0.0068,0.1266,-0.0373,-0.0296,0.1771,0.0510,-0.0615,0.1532,0.1027,-0.0892,0.1271,0.0981,-0.1213,0.0778,0.0670,0.1527,-10.354,0.1291,None
14.1180,-0.0071,0.1265,-0.0375,-0.0300,0.1771,0.0508,-0.0618,0.1531,0.1027,-0.0894,0.1269,0.0982,-0.1214,0.0776,0.0671,0.1528,-11.093,0.1291,None
14.1317,-0.0075,0.1265,-0.0378,-0.0304,0.1770,0.0505,-0.0622,0.1530,0.1026,-0.0897,0.1266,0.0983,-0.1215,0.0773,0.0672,0.1530,-10.973,0.1291,None
14.1454,-0.0080,0.1264,-0.0380,-0.0309,0.1770,0.0504,-0.0626,0.1528,0.1026,-0.0900,0.1263,0.0984,-0.1216,0.0770,0.0674,0.1531,-11.036,0.1291,None
14.1597,-0.0084,0.1263,-0.0382,-0.0314,0.1769,0.0502,-0.0630,0.1526,0.1026,-0.0903,0.1259,0.0985,-0.1217,0.0766,0.0676,0.1532,-10.535,0.1291,None
14.1733,-0.0088,0.1263,-0.0383,-0.0318,0.1769,0.0501,-0.0633,0.1524,0.1026,-0.0904,0.1256,0.0987,-0.1217,0.0764,0.0677,0.1534,-11.154,0.1291,None
14.1873,-0.0091,0.1263,-0.0384,-0.0320,0.1768,0.0502,-0.0636,0.1522,0.1027,-0.0906,0.1253,0.0989,-0.1218,0.0763,0.0679,0.1535,-10.745,0.1291,None
14.2014,-0.0094,0.1262,-0.0384,-0.0323,0.1767,0.0503,-0.0638,0.1520,0.1029,-0.0907,0.1250,0.0992,-0.1218,0.0761,0.0682,0.1536,-10.772,0.1291,None
14.2150,-0.0096,0.1262,-0.0385,-0.0325,0.1767,0.0504,-0.0639,0.1518,0.1030,-0.0907,0.1247,0.0994,-0.1217,0.0759,0.0684,0.1537,-11.140,0.1291,None
14.2295,-0.0099,0.1262,-0.0385,-0.0327,0.1766,0.0506,-0.0641,0.1517,0.1031,-0.0908,0.1245,0.0997,-0.1217,0.0757,0.0687,0.1538,-10.458,0.1291,None
14.2432,-0.0102,0.1262,-0.0386,-0.0329,0.1765,0.0507,-0.0643,0.1515,0.1033,-0.0909,0.1242,0.0999,-0.1217,0.0755,0.0689,0.1539,-11.050,0.1291,None
14.2567,-0.0104,0.1262,-0.0386,-0.0332,0.1764,0.0508,-0.0645,0.1513,0.1033,-0.0910,0.1240,0.1000,-0.1217,0.0754,0.0690,0.1540,-11.254,0.1291,None
14.2709,-0.0106,0.1262,-0.0386,-0.0334,0.1763,0.0509,-0.0648,0.1512,0.1033,-0.0911,0.1238,0.1001,-0.1217,0.0753,0.0691,0.1540,-10.644,0.1291,None
14.2845,-0.0108,0.1262,-0.0387,-0.0336,0.1763,0.0510,-0.0650,0.1511,0.1033,-0.0912,0.1236,0.1002,-0.1218,0.0752,0.0692,0.1540,-11.164,0.1290,None
14.2984,-0.0109,0.1262,-0.0387,-0.0338,0.1762,0.0511,-0.0653,0.1511,0.1032,-0.0915,0.1235,0.1001,-0.1219,0.0752,0.0691,0.1540,-10.944,0.1290,None
14.3141,-0.0111,0.1262,-0.0387,-0.0340,0.1761,0.0513,-0.0656,0.1510,0.1031,-0.0916,0.1234,0.1001,-0.1219,0.0751,0.0691,0.1539,-9.643,0.1290,None
14.3260,-0.0113,0.1262,-0.0387,-0.0342,0.1760,0.0516,-0.0659,0.1509,0.1030,-0.0918,0.1233,0.1001,-0.1220,0.0751,0.0691,0.1539,-12.770,0.1290,None
14.3399,-0.0115,0.1262,-0.0387,-0.0345,0.1759,0.0519,-0.0662,0.1508,0.1030,-0.0920,0.1231,0.1001,-0.1221,0.0750,0.0691,0.1539,-10.954,0.1290,None
14.3539,-0.0117,0.1261,-0.0387,-0.0348,0.1757,0.0522,-0.0665,0.1506,0.1030,-0.0922,0.1229,0.1002,-0.1221,0.0749,0.0691,0.1539,-10.827,0.1290,None
14.3677,-0.0120,0.1261,-0.0387,-0.0350,0.1755,0.0526,-0.0669,0.1505,0.1030,-0.0924,0.1227,0.1003,-0.1222,0.0748,0.0692,0.1539,-11.014,0.1290,None
14.3819,-0.0123,0.1261,-0.0387,-0.0354,0.1754,0.0529,-0.0672,0.1503,0.1029,-0.0926,0.1225,0.1003,-0.1223,0.0746,0.0693,0.1539,-10.638,0.1290,None
14.3956,-0.0126,0.1261,-0.0387,-0.0358,0.1752,0.0533,-0.0677,0.1502,0.1029,-0.0928,0.1223,0.1003,-0.1223,0.0744,0.0694,0.1538,-11.120,0.1290,None
14.4097,-0.0129,0.1261,-0.0388,-0.0362,0.1750,0.0536,-0.0681,0.1501,0.1028,-0.0930,0.1221,0.1004,-0.1224,0.0743,0.0694,0.1538,-10.722,0.1290,None
14.4235,-0.0132,0.1260,-0.0388,-0.0365,0.1748,0.0539,-0.0685,0.1499,0.1027,-0.0933,0.1220,0.1004,-0.1225,0.0741,0.0695,0.1538,-10.973,0.1290,None
14.4375,-0.0135,0.1260,-0.0389,-0.0369,0.1747,0.0542,-0.0689,0.1498,0.1025,-0.0935,0.1218,0.1004,-0.1225,0.0740,0.0696,0.1537,-10.795,0.1290,None
14.4516,-0.0137,0.1260,-0.0389,-0.0372,0.1745,0.0546,-0.0693,0.1497,0.1024,-0.0938,0.1217,0.1003,-0.1226,0.0738,0.0696,0.1537,-10.726,0.1289,None
14.4652,-0.0140,0.1259,-0.0389,-0.0371,0.1741,0.0565,-0.0699,0.1495,0.1023,-0.0942,0.1214,0.1002,-0.1228,0.0736,0.0695,0.1536,-11.143,0.1289,None
14.4789,-0.0144,0.1259,-0.0389,-0.0368,0.1736,0.0592,-0.0706,0.1493,0.1021,-0.0947,0.1211,0.1001,-0.1231,0.0733,0.0694,0.1536,-11.069,0.1289,None
14.4932,-0.0150,0.1259,-0.0388,-0.0367,0.1727,0.0624,-0.0717,0.1488,0.1021,-0.0955,0.1205,0.1000,-0.1235,0.0726,0.0694,0.1535,-10.519,0.1289,None
14.5071,-0.0161,0.1258,-0.0387,-0.0377,0.1718,0.0647,-0.0734,0.1480,0.1020,-0.0969,0.1195,0.0999,-0.1243,0.0714,0.0693,0.1535,-10.822,0.1289,None
14.5211,-0.0175,0.1257,-0.0386,-0.0392,0.1708,0.0664,-0.0754,0.1470,0.1019,-0.0984,0.1183,0.0998,-0.1252,0.0699,0.0691,0.1535,-10.790,0.1289,None
14.5344,-0.0192,0.1255,-0.0386,-0.0416,0.1699,0.0673,-0.0777,0.1458,0.1018,-0.1003,0.1169,0.0997,-0.1262,0.0681,0.0691,0.1535,-11.283,0.1289,None
14.5486,-0.0213,0.1252,-0.0385,-0.0442,0.1689,0.0682,-0.0802,0.1444,0.1019,-0.1022,0.1151,0.0999,-0.1272,0.0660,0.0695,0.1534,-10.564,0.1289,None
14.5624,-0.0237,0.1249,-0.0384,-0.0469,0.1677,0.0694,-0.0828,0.1428,0.1020,-0.1041,0.1132,0.1000,-0.1282,0.0636,0.0698,0.1534,-10.866,0.1289,None
14.5762,-0.0259,0.1247,-0.0381,-0.0494,0.1663,0.0710,-0.0852,0.1410,0.1024,-0.1059,0.1111,0.1005,-0.1290,0.0612,0.0705,0.1534,-10.811,0.1288,None
14.5903,-0.0283,0.1244,-0.0375,-0.0525,0.1648,0.0724,-0.0881,0.1389,0.1030,-0.1081,0.1086,0.1009,-0.1301,0.0585,0.0708,0.1534,-10.580,0.1288,None
14.6046,-0.0306,0.1241,-0.0370,-0.0554,0.1631,0.0738,-0.0909,0.1366,0.1035,-0.1102,0.1061,0.1013,-0.1311,0.0558,0.0712,0.1533,-10.487,0.1288,None
14.6180,-0.0328,0.1238,-0.0365,-0.0593,0.1613,0.0746,-0.0945,0.1341,0.1035,-0.1131,0.1033,0.1010,-0.1326,0.0528,0.0707,0.1534,-11.117,0.1288,None
14.6324,-0.0346,0.1235,-0.0362,-0.0629,0.1594,0.0757,-0.0983,0.1316,0.1032,-0.1161,0.1005,0.1003,-0.1343,0.0499,0.0696,0.1534,-10.325,0.1288,None
14.6458,-0.0365,0.1231,-0.0360,-0.0664,0.1572,0.0772,-0.1022,0.1289,0.1027,-0.1193,0.0977,0.0995,-0.1360,0.0469,0.0684,0.1536,-11.118,0.1288,None
14.6596,-0.0383,0.1227,-0.0358,-0.0697,0.1550,0.0788,-0.1059,0.1262,0.1022,-0.1224,0.0948,0.0986,-0.1377,0.0440,0.0671,0.1537,-10.866,0.1288,None
14.6736,-0.0405,0.1222,-0.0354,-0.0739,0.1524,0.0799,-0.1102,0.1229,0.1018,-0.1258,0.0912,0.0976,-0.1395,0.0404,0.0656,0.1539,-10.560,0.1287,None
14.6878,-0.0439,0.1213,-0.0347,-0.0793,0.1489,0.0813,-0.1150,0.1182,0.1019,-0.1295,0.0862,0.0973,-0.1412,0.0355,0.0648,0.1540,-10.420,0.1287,None
14.7016,-0.0473,0.1204,-0.0339,-0.0845,0.1452,0.0826,-0.1196,0.1134,0.1020,-0.1330,0.0812,0.0969,-0.1428,0.0306,0.0639,0.1541,-10.682,0.1287,None
14.7153,-0.0522,0.1187,-0.0328,-0.0906,0.1400,0.0849,-0.1249,0.1069,0.1027,-0.1369,0.0743,0.0971,-0.1442,0.0238,0.0636,0.1543,-10.740,0.1287,None
14.7299,-0.0578,0.1164,-0.0322,-0.0967,0.1338,0.0877,-0.1305,0.0996,0.1029,-0.1409,0.0667,0.0969,-0.1455,0.0163,0.0633,0.1543,-10.103,0.1287,None
14.7430,-0.0632,0.1138,-0.0315,-0.1024,0.1273,0.0904,-0.1357,0.0923,0.1031,-0.1444,0.0591,0.0966,-0.1464,0.0090,0.0628,0.1544,-11.215,0.1287,None
14.7567,-0.0694,0.1100,-0.0320,-0.1091,0.1209,0.0910,-0.1407,0.0848,0.1027,-0.1476,0.0514,0.0963,-0.1467,0.0013,0.0629,0.1545,-10.846,0.1287,None
14.7710,-0.0747,0.1060,-0.0341,-0.1154,0.1164,0.0890,-0.1452,0.0792,0.1009,-0.1505,0.0455,0.0949,-0.1468,-0.0048,0.0626,0.1546,-10.519,0.1286,None
14.7846,-0.0796,0.1019,-0.0359,-0.1212,0.1115,0.0873,-0.1493,0.0733,0.0993,-0.1532,0.0396,0.0932,-0.1468,-0.0100,0.0627,0.1548,-11.028,0.1286,None
14.7988,-0.0826,0.0987,-0.0381,-0.1262,0.1078,0.0848,-0.1530,0.0689,0.0967,-0.1557,0.0352,0.0908,-0.1474,-0.0130,0.0617,0.1549,-10.715,0.1286,None
14.8125,-0.0841,0.0968,-0.0398,-0.1296,0.1052,0.0826,-0.1559,0.0659,0.0942,-0.1578,0.0323,0.0883,-0.1481,-0.0147,0.0602,0.1550,-11.019,0.1286,None
14.8266,-0.0843,0.0963,-0.0408,-0.1317,0.1039,0.0810,-0.1578,0.0645,0.0919,-0.1594,0.0311,0.0860,-0.1489,-0.0156,0.0581,0.1551,-10.834,0.1286,None
14.8402,-0.0848,0.0956,-0.0418,-0.1340,0.1021,0.0793,-0.1597,0.0626,0.0899,-0.1609,0.0293,0.0838,-0.1495,-0.0171,0.0562,0.1551,-11.194,0.1286,None
14.8543,-0.0843,0.0961,-0.0418,-0.1344,0.1018,0.0790,-0.1602,0.0623,0.0891,-0.1614,0.0293,0.0828,-0.1500,-0.0169,0.0551,0.1551,-10.754,0.1286,None
14.8686,-0.0834,0.0971,-0.0415,-0.1340,0.1022,0.0791,-0.1600,0.0630,0.0890,-0.1615,0.0301,0.0824,-0.1504,-0.0158,0.0546,0.1551,-10.663,0.1286,None
14.8822,-0.0828,0.0977,-0.0414,-0.1339,0.1022,0.0791,-0.1600,0.0632,0.0887,-0.1617,0.0305,0.0818,-0.1507,-0.0152,0.0541,0.1551,-11.177,0.1286,None
14.8958,-0.0822,0.0984,-0.0412,-0.1336,0.1026,0.0791,-0.1598,0.0638,0.0886,-0.1618,0.0313,0.0815,-0.1510,-0.0143,0.0537,0.1552,-11.250,0.1286,None
14.9100,-0.0819,0.0988,-0.0412,-0.1334,0.1027,0.0792,-0.1598,0.0641,0.0885,-0.1619,0.0316,0.0812,-0.1512,-0.0137,0.0534,0.1552,-10.793,0.1286,None
14.9238,-0.0817,0.0990,-0.0412,-0.1334,0.1026,0.0791,-0.1598,0.0641,0.0884,-0.1620,0.0319,0.0808,-0.1514,-0.0133,0.0531,0.1553,-11.089,0.1285,None
14.9377,-0.0816,0.0993,-0.0413,-0.1337,0.1023,0.0790,-0.1601,0.0639,0.0880,-0.1624,0.0318,0.0801,-0.1520,-0.0129,0.0517,0.1553,-10.922,0.1285,None
14.9516,-0.0814,0.0994,-0.0414,-0.1340,0.1020,0.0787,-0.1604,0.0638,0.0874,-0.1628,0.0318,0.0793,-0.1528,-0.0123,0.0500,0.1553,-11.034,0.1285,None
14.9657,-0.0813,0.0995,-0.0415,-0.1344,0.1016,0.0785,-0.1608,0.0634,0.0869,-0.1632,0.0317,0.0785,-0.1534,-0.0121,0.0486,0.1553,-10.820,0.1285,None
14.9792,-0.0813,0.0995,-0.0417,-0.1348,0.1012,0.0782,-0.1612,0.0631,0.0864,-0.1637,0.0315,0.0778,-0.1539,-0.0119,0.0475,0.1553,-11.366,0.1285,None
14.9932,-0.0813,0.0996,-0.0416,-0.1350,0.1008,0.0783,-0.1614,0.0628,0.0863,-0.1639,0.0313,0.0774,-0.1540,-0.0118,0.0472,0.1553,-10.927,0.1285,None
15.0070,-0.0815,0.0996,-0.0415,-0.1351,0.1004,0.0786,-0.1614,0.0624,0.0865,-0.1639,0.0311,0.0775,-0.1540,-0.0119,0.0473,0.1554,-11.096,0.1285,None
15.0211,-0.0817,0.0996,-0.0414,-0.1352,0.1000,0.0789,-0.1614,0.0620,0.0867,-0.1639,0.0308,0.0776,-0.1540,-0.0120,0.0475,0.1555,-10.890,0.1285,None
15.0349,-0.0819,0.0998,-0.0414,-0.1352,0.0995,0.0794,-0.1613,0.0616,0.0873,-0.1638,0.0305,0.0780,-0.1539,-0.0122,0.0481,0.1559,-11.085,0.1285,None
15.0489,-0.0827,0.0994,-0.0408,-0.1360,0.0979,0.0802,-0.1617,0.0598,0.0878,-0.1646,0.0290,0.0772,-0.1540,-0.0133,0.0477,0.1560,-10.973,0.1285,None
15.0627,-0.0834,0.0994,-0.0403,-0.1369,0.0960,0.0810,-0.1621,0.0579,0.0884,-0.1656,0.0276,0.0758,-0.1544,-0.0143,0.0465,0.1564,-11.173,0.1285,None
15.0765,-0.0839,0.0994,-0.0400,-0.1372,0.0950,0.0815,-0.1622,0.0568,0.0890,-0.1660,0.0268,0.0755,-0.1544,-0.0149,0.0465,0.1568,-11.177,0.1285,None
15.0907,-0.0843,0.0991,-0.0399,-0.1375,0.0949,0.0813,-0.1621,0.0567,0.0893,-0.1658,0.0266,0.0759,-0.1542,-0.0150,0.0471,0.1567,-10.882,0.1285,None
15.1046,-0.0847,0.0989,-0.0399,-0.1392,0.0950,0.0788,-0.1621,0.0567,0.0894,-0.1657,0.0265,0.0763,-0.1541,-0.0150,0.0477,0.1565,-11.164,0.1285,None
15.1183,-0.0848,0.0989,-0.0398,-0.1391,0.0954,0.0785,-0.1618,0.0571,0.0897,-0.1654,0.0270,0.0768,-0.1539,-0.0146,0.0484,0.1563,-11.267,0.1285,None
15.1324,-0.0847,0.0990,-0.0397,-0.1387,0.0959,0.0787,-0.1614,0.0578,0.0900,-0.1651,0.0276,0.0773,-0.1538,-0.0139,0.0490,0.1562,-10.944,0.1285,None
15.1461,-0.0847,0.0991,-0.0396,-0.1383,0.0963,0.0789,-0.1611,0.0583,0.0903,-0.1648,0.0281,0.0777,-0.1537,-0.0134,0.0497,0.1561,-11.222,0.1285,None
15.1597,-0.0847,0.0992,-0.0395,-0.1379,0.0966,0.0791,-0.1607,0.0588,0.0906,-0.1645,0.0286,0.0781,-0.1536,-0.0128,0.0503,0.1560,-11.396,0.1285,None
15.1738,-0.0846,0.0994,-0.0394,-0.1376,0.0969,0.0794,-0.1605,0.0592,0.0909,-0.1643,0.0290,0.0785,-0.1535,-0.0122,0.0509,0.1560,-10.893,0.1285,None
15.1879,-0.0846,0.0995,-0.0393,-0.1373,0.0970,0.0796,-0.1603,0.0595,0.0911,-0.1641,0.0294,0.0787,-0.1535,-0.0114,0.0514,0.1559,-10.925,0.1285,None
15.2018,-0.0846,0.0996,-0.0392,-0.1371,0.0972,0.0799,-0.1601,0.0597,0.0912,-0.1640,0.0297,0.0789,-0.1535,-0.0107,0.0519,0.1559,-11.058,0.1285,None
15.2154,-0.0845,0.0997,-0.0391,-0.1367,0.0974,0.0803,-0.1598,0.0601,0.0915,-0.1638,0.0301,0.0793,-0.1534,-0.0102,0.0524,0.1558,-11.293,0.1285,None
15.2295,-0.0844,0.0999,-0.0389,-0.1363,0.0976,0.0806,-0.1595,0.0605,0.0917,-0.1636,0.0305,0.0795,-0.1533,-0.0097,0.0527,0.1558,-10.956,0.1285,None
15.2434,-0.0842,0.1002,-0.0387,-0.1358,0.0979,0.0810,-0.1593,0.0609,0.0919,-0.1633,0.0309,0.0798,-0.1532,-0.0092,0.0531,0.1557,-11.031,0.1285,None
15.2572,-0.0840,0.1005,-0.0384,-0.1353,0.0983,0.0815,-0.1589,0.0613,0.0923,-0.1631,0.0314,0.0802,-0.1532,-0.0086,0.0534,0.1556,-11.143,0.1285,None
15.2714,-0.0838,0.1009,-0.0381,-0.1348,0.0987,0.0819,-0.1585,0.0618,0.0927,-0.1628,0.0319,0.0806,-0.1531,-0.0081,0.0538,0.1556,-10.792,0.1285,None
15.2851,-0.0835,0.1013,-0.0377,-0.1341,0.0991,0.0825,-0.1581,0.0623,0.0931,-0.1625,0.0324,0.0811,-0.1530,-0.0074,0.0542,0.1555,-11.212,0.1285,None
15.2989,-0.0832,0.1018,-0.0373,-0.1334,0.0996,0.0831,-0.1575,0.0630,0.0936,-0.1621,0.0331,0.0816,-0.1529,-0.0067,0.0546,0.1554,-11.128,0.1285,None
15.3127,-0.0829,0.1022,-0.0368,-0.1326,0.1003,0.0836,-0.1569,0.0637,0.0942,-0.1616,0.0338,0.0822,-0.1528,-0.0059,0.0552,0.1553,-11.016,0.1285,None
15.3268,-0.0827,0.1026,-0.0363,-0.1316,0.1011,0.0844,-0.1561,0.0646,0.0950,-0.1610,0.0347,0.0832,-0.1525,-0.0050,0.0560,0.1552,-10.903,0.1285,None
15.3407,-0.0824,0.1031,-0.0358,-0.1304,0.1019,0.0851,-0.1551,0.0656,0.0959,-0.1602,0.0357,0.0842,-0.1526,-0.0037,0.0560,0.1550,-10.955,0.1285,None
15.3547,-0.0823,0.1033,-0.0354,-0.1293,0.1028,0.0859,-0.1542,0.0666,0.0969,-0.1594,0.0365,0.0853,-0.1524,-0.0027,0.0566,0.1549,-10.926,0.1285,None
15.3686,-0.0820,0.1038,-0.0351,-0.1283,0.1035,0.0867,-0.1533,0.0674,0.0978,-0.1587,0.0373,0.0864,-0.1520,-0.0021,0.0578,0.1551,-11.019,0.1285,None
15.3824,-0.0818,0.1042,-0.0349,-0.1272,0.1042,0.0874,-0.1523,0.0682,0.0987,-0.1579,0.0380,0.0876,-0.1515,-0.0014,0.0590,0.1553,-11.116,0.1285,None
15.3960,-0.0815,0.1045,-0.0348,-0.1264,0.1049,0.0879,-0.1517,0.0689,0.0993,-0.1573,0.0386,0.0883,-0.1512,-0.0008,0.0599,0.1554,-11.292,0.1285,None
15.4103,-0.0815,0.1045,-0.0348,-0.1260,0.1053,0.0880,-0.1513,0.0694,0.0995,-0.1570,0.0391,0.0888,-0.1510,-0.0005,0.0604,0.1554,-10.749,0.1285,None
15.4237,-0.0816,0.1045,-0.0348,-0.1256,0.1057,0.0882,-0.1510,0.0699,0.0998,-0.1567,0.0395,0.0892,-0.1508,-0.0001,0.0609,0.1553,-11.532,0.1285,None
15.4377,-0.0815,0.1045,-0.0347,-0.1253,0.1060,0.0884,-0.1507,0.0702,0.0999,-0.1565,0.0398,0.0894,-0.1507,0.0002,0.0613,0.1552,-10.942,0.1285,None
15.4520,-0.0815,0.1045,-0.0347,-0.1251,0.1062,0.0883,-0.1506,0.0705,0.0999,-0.1564,0.0401,0.0895,-0.1507,0.0004,0.0613,0.1551,-10.790,0.1285,None
15.4654,-0.0815,0.1045,-0.0347,-0.1250,0.1064,0.0883,-0.1506,0.0708,0.0998,-0.1564,0.0403,0.0895,-0.1507,0.0007,0.0614,0.1549,-11.469,0.1285,None
15.4795,-0.0814,0.1046,-0.0348,-0.1249,0.1068,0.0881,-0.1505,0.0712,0.0996,-0.1563,0.0407,0.0894,-0.1507,0.0011,0.0614,0.1548,-10.904,0.1285,None
15.4935,-0.0813,0.1046,-0.0350,-0.1247,0.1073,0.0878,-0.1505,0.0718,0.0993,-0.1562,0.0413,0.0892,-0.1507,0.0016,0.0614,0.1547,-10.946,0.1285,None
15.5063,-0.0811,0.1046,-0.0352,-0.1245,0.1078,0.0876,-0.1503,0.0724,0.0992,-0.1561,0.0417,0.0892,-0.1506,0.0020,0.0615,0.1545,-11.958,0.1285,None
15.5203,-0.0810,0.1046,-0.0354,-0.1243,0.1082,0.0873,-0.1502,0.0729,0.0990,-0.1560,0.0422,0.0892,-0.1506,0.0024,0.0617,0.1544,-10.934,0.1285,None
15.5344,-0.0810,0.1046,-0.0356,-0.1242,0.1086,0.0871,-0.1502,0.0733,0.0987,-0.1560,0.0426,0.0891,-0.1505,0.0028,0.0618,0.1543,-10.839,0.1285,None
15.5480,-0.0809,0.1047,-0.0357,-0.1240,0.1090,0.0868,-0.1501,0.0738,0.0985,-0.1559,0.0430,0.0891,-0.1505,0.0032,0.0619,0.1541,-11.287,0.1285,None
15.5623,-0.0807,0.1047,-0.0358,-0.1238,0.1095,0.0865,-0.1500,0.0743,0.0983,-0.1558,0.0435,0.0890,-0.1504,0.0036,0.0620,0.1540,-10.663,0.1285,None
15.5756,-0.0806,0.1048,-0.0358,-0.1235,0.1101,0.0863,-0.1497,0.0750,0.0982,-0.1555,0.0441,0.0892,-0.1503,0.0042,0.0624,0.1537,-11.474,0.1285,None
15.5898,-0.0803,0.1050,-0.0357,-0.1231,0.1107,0.0861,-0.1494,0.0757,0.0982,-0.1552,0.0448,0.0894,-0.1501,0.0049,0.0628,0.1535,-10.686,0.1285,None
15.6036,-0.0800,0.1053,-0.0355,-0.1226,0.1114,0.0859,-0.1490,0.0765,0.0982,-0.1548,0.0456,0.0897,-0.1499,0.0056,0.0632,0.1532,-11.033,0.1285,None
15.6175,-0.0796,0.1057,-0.0354,-0.1220,0.1122,0.0858,-0.1485,0.0775,0.0982,-0.1544,0.0465,0.0900,-0.1497,0.0065,0.0637,0.1530,-10.929,0.1285,None
15.6317,-0.0790,0.1061,-0.0352,-0.1214,0.1129,0.0857,-0.1480,0.0784,0.0982,-0.1539,0.0474,0.0902,-0.1495,0.0073,0.0641,0.1528,-10.620,0.1285,None
15.6456,-0.0786,0.1065,-0.0349,-0.1209,0.1134,0.0858,-0.1476,0.0790,0.0983,-0.1536,0.0480,0.0905,-0.1493,0.0078,0.0644,0.1526,-10.936,0.1285,None
15.6592,-0.0781,0.1070,-0.0345,-0.1204,0.1139,0.0860,-0.1472,0.0795,0.0985,-0.1533,0.0486,0.0907,-0.1492,0.0084,0.0647,0.1524,-11.069,0.1285,None
15.6730,-0.0777,0.1074,-0.0340,-0.1198,0.1142,0.0863,-0.1468,0.0800,0.0987,-0.1530,0.0490,0.0910,-0.1490,0.0088,0.0650,0.1521,-10.858,0.1285,None
15.6872,-0.0774,0.1078,-0.0336,-0.1191,0.1148,0.0866,-0.1463,0.0807,0.0989,-0.1526,0.0497,0.0914,-0.1488,0.0095,0.0654,0.1518,-10.596,0.1285,None
15.7015,-0.0770,0.1082,-0.0331,-0.1183,0.1154,0.0869,-0.1457,0.0815,0.0992,-0.1521,0.0505,0.0917,-0.1486,0.0102,0.0657,0.1515,-10.443,0.1285,None
15.7149,-0.0757,0.1091,-0.0329,-0.1155,0.1180,0.0872,-0.1435,0.0845,0.0999,-0.1504,0.0536,0.0927,-0.1478,0.0131,0.0671,0.1511,-11.145,0.1284,None
15.7294,-0.0737,0.1107,-0.0322,-0.1125,0.1203,0.0881,-0.1412,0.0874,0.1006,-0.1488,0.0567,0.0935,-0.1472,0.0162,0.0677,0.1508,-10.332,0.1284,None
15.7428,-0.0715,0.1124,-0.0314,-0.1090,0.1228,0.0890,-0.1386,0.0905,0.1015,-0.1469,0.0601,0.0943,-0.1464,0.0197,0.0684,0.1504,-11.187,0.1284,None
15.7565,-0.0685,0.1145,-0.0302,-0.1052,0.1251,0.0903,-0.1358,0.0936,0.1024,-0.1450,0.0636,0.0950,-0.1458,0.0235,0.0687,0.1501,-10.852,0.1284,None
15.7710,-0.0660,0.1161,-0.0293,-0.1018,0.1271,0.0913,-0.1333,0.0964,0.1031,-0.1432,0.0667,0.0955,-0.1451,0.0269,0.0689,0.1498,-10.264,0.1284,None
15.7843,-0.0635,0.1177,-0.0284,-0.0984,0.1291,0.0923,-0.1307,0.0991,0.1038,-0.1414,0.0699,0.0960,-0.1443,0.0303,0.0690,0.1494,-11.165,0.1284,None
15.7981,-0.0622,0.1184,-0.0280,-0.0957,0.1306,0.0929,-0.1284,0.1013,0.1045,-0.1397,0.0723,0.0967,-0.1434,0.0328,0.0697,0.1491,-10.691,0.1284,None
15.8124,-0.0611,0.1189,-0.0280,-0.0936,0.1321,0.0930,-0.1267,0.1033,0.1046,-0.1383,0.0745,0.0970,-0.1427,0.0350,0.0702,0.1488,-10.301,0.1283,None
15.8262,-0.0602,0.1193,-0.0281,-0.0915,0.1335,0.0929,-0.1249,0.1053,0.1047,-0.1369,0.0766,0.0973,-0.1419,0.0373,0.0705,0.1484,-10.651,0.1283,None
15.8397,-0.0593,0.1197,-0.0281,-0.0895,0.1349,0.0928,-0.1233,0.1071,0.1047,-0.1355,0.0787,0.0976,-0.1414,0.0397,0.0703,0.1480,-10.800,0.1283,None
15.8538,-0.0585,0.1200,-0.0280,-0.0877,0.1360,0.0929,-0.1217,0.1087,0.1049,-0.1342,0.0805,0.0980,-0.1406,0.0416,0.0707,0.1475,-10.357,0.1282,None
15.8680,-0.0577,0.1204,-0.0277,-0.0861,0.1368,0.0931,-0.1204,0.1100,0.1050,-0.1331,0.0820,0.0981,-0.1400,0.0432,0.0709,0.1471,-10.233,0.1282,None
15.8817,-0.0569,0.1207,-0.0274,-0.0847,0.1376,0.0932,-0.1192,0.1112,0.1050,-0.1321,0.0834,0.0983,-0.1394,0.0448,0.0712,0.1467,-10.554,0.1282,None
15.8951,-0.0560,0.1211,-0.0271,-0.0834,0.1383,0.0932,-0.1183,0.1124,0.1048,-0.1314,0.0848,0.0980,-0.1390,0.0463,0.0709,0.1461,-10.792,0.1282,None
15.9093,-0.0550,0.1215,-0.0268,-0.0824,0.1390,0.0931,-0.1177,0.1135,0.1042,-0.1310,0.0861,0.0973,-0.1389,0.0479,0.0701,0.1455,-10.210,0.1281,None
15.9230,-0.0543,0.1215,-0.0264,-0.0814,0.1396,0.0929,-0.1170,0.1146,0.1037,-0.1306,0.0875,0.0967,-0.1387,0.0494,0.0693,0.1445,-10.458,0.1281,None
15.9370,-0.0535,0.1218,-0.0258,-0.0804,0.1401,0.0932,-0.1163,0.1154,0.1035,-0.1302,0.0886,0.0963,-0.1385,0.0508,0.0686,0.1439,-10.237,0.1281,None
15.9512,-0.0526,0.1222,-0.0251,-0.0793,0.1403,0.0937,-0.1156,0.1160,0.1036,-0.1296,0.0894,0.0962,-0.1387,0.0528,0.0664,0.1434,-9.965,0.1280,None
15.9652,-0.0521,0.1225,-0.0245,-0.0785,0.1404,0.0942,-0.1150,0.1164,0.1038,-0.1292,0.0901,0.0961,-0.1389,0.0547,0.0640,0.1430,-10.193,0.1280,None
15.9794,-0.0522,0.1224,-0.0239,-0.0776,0.1405,0.0947,-0.1143,0.1169,0.1039,-0.1288,0.0908,0.0960,-0.1389,0.0564,0.0621,0.1422,-9.921,0.1279,None
15.9928,-0.0521,0.1225,-0.0234,-0.0767,0.1406,0.0952,-0.1136,0.1172,0.1043,-0.1282,0.0913,0.0962,-0.1387,0.0575,0.0614,0.1418,-10.518,0.1279,None
16.0064,-0.0520,0.1226,-0.0230,-0.0761,0.1407,0.0956,-0.1131,0.1174,0.1046,-0.1278,0.0916,0.0965,-0.1384,0.0578,0.0616,0.1416,-10.288,0.1279,None
16.0206,-0.0520,0.1226,-0.0227,-0.0755,0.1407,0.0959,-0.1126,0.1176,0.1049,-0.1274,0.0919,0.0967,-0.1381,0.0582,0.0618,0.1413,-9.852,0.1278,None
16.0342,-0.0521,0.1226,-0.0224,-0.0751,0.1408,0.0962,-0.1121,0.1177,0.1052,-0.1270,0.0920,0.0970,-0.1378,0.0584,0.0622,0.1411,-10.331,0.1278,None
16.0485,-0.0525,0.1224,-0.0223,-0.0747,0.1408,0.0964,-0.1118,0.1178,0.1053,-0.1267,0.0921,0.0973,-0.1375,0.0584,0.0626,0.1408,-9.766,0.1278,None
16.0622,-0.0528,0.1223,-0.0222,-0.0743,0.1408,0.0966,-0.1115,0.1178,0.1055,-0.1264,0.0922,0.0975,-0.1373,0.0584,0.0631,0.1406,-10.241,0.1277,None
16.0761,-0.0534,0.1221,-0.0222,-0.0740,0.1408,0.0968,-0.1117,0.1182,0.1047,-0.1266,0.0928,0.0966,-0.1370,0.0583,0.0637,0.1397,-10.028,0.1276,None
16.0902,-0.0540,0.1218,-0.0221,-0.0738,0.1408,0.0970,-0.1124,0.1187,0.1030,-0.1270,0.0934,0.0951,-0.1367,0.0580,0.0645,0.1381,-9.832,0.1274,None
16.1040,-0.0546,0.1215,-0.0221,-0.0736,0.1407,0.0972,-0.1129,0.1191,0.1015,-0.1273,0.0939,0.0939,-0.1365,0.0577,0.0652,0.1367,-9.884,0.1273,None
16.1179,-0.0553,0.1212,-0.0220,-0.0736,0.1406,0.0973,-0.1129,0.1189,0.1017,-0.1272,0.0936,0.0942,-0.1363,0.0573,0.0658,0.1365,-9.727,0.1272,None
16.1322,-0.0559,0.1210,-0.0221,-0.0737,0.1405,0.0974,-0.1130,0.1187,0.1017,-0.1272,0.0934,0.0944,-0.1362,0.0570,0.0662,0.1363,-9.495,0.1272,None
16.1456,-0.0564,0.1207,-0.0220,-0.0739,0.1404,0.0974,-0.1131,0.1185,0.1018,-0.1272,0.0932,0.0946,-0.1362,0.0567,0.0664,0.1362,-10.016,0.1272,None
16.1599,-0.0569,0.1205,-0.0220,-0.0741,0.1403,0.0974,-0.1132,0.1183,0.1019,-0.1272,0.0930,0.0947,-0.1362,0.0564,0.0667,0.1361,-9.462,0.1271,None
16.1735,-0.0574,0.1202,-0.0220,-0.0743,0.1401,0.0974,-0.1133,0.1180,0.1019,-0.1273,0.0927,0.0948,-0.1362,0.0561,0.0669,0.1360,-9.911,0.1271,None
16.1875,-0.0578,0.1200,-0.0220,-0.0744,0.1400,0.0975,-0.1133,0.1178,0.1021,-0.1273,0.0925,0.0951,-0.1362,0.0558,0.0671,0.1360,-9.576,0.1271,None
16.2013,-0.0582,0.1198,-0.0220,-0.0745,0.1399,0.0975,-0.1133,0.1176,0.1023,-0.1272,0.0923,0.0953,-0.1362,0.0555,0.0674,0.1360,-9.735,0.1271,None
16.2150,-0.0585,0.1196,-0.0219,-0.0745,0.1398,0.0976,-0.1132,0.1175,0.1026,-0.1271,0.0922,0.0956,-0.1361,0.0554,0.0678,0.1360,-9.839,0.1271,None
16.2292,-0.0587,0.1194,-0.0219,-0.0745,0.1398,0.0977,-0.1130,0.1175,0.1028,-0.1269,0.0921,0.0959,-0.1359,0.0552,0.0681,0.1360,-9.433,0.1271,None
16.2430,-0.0590,0.1193,-0.0218,-0.0744,0.1397,0.0977,-0.1129,0.1174,0.1031,-0.1267,0.0920,0.0962,-0.1358,0.0551,0.0685,0.1360,-9.712,0.1271,None
16.2568,-0.0591,0.1192,-0.0218,-0.0744,0.1398,0.0977,-0.1127,0.1174,0.1032,-0.1266,0.0921,0.0964,-0.1357,0.0550,0.0687,0.1360,-9.760,0.1271,None
16.2707,-0.0592,0.1191,-0.0219,-0.0742,0.1400,0.0975,-0.1125,0.1177,0.1031,-0.1264,0.0923,0.0964,-0.1356,0.0551,0.0689,0.1359,-9.574,0.1270,None
16.2848,-0.0592,0.1191,-0.0220,-0.0740,0.1402,0.0973,-0.1123,0.1179,0.1030,-0.1262,0.0925,0.0964,-0.1355,0.0552,0.0690,0.1359,-9.515,0.1270,None
16.2985,-0.0591,0.1191,-0.0223,-0.0738,0.1406,0.0968,-0.1120,0.1184,0.1027,-0.1260,0.0930,0.0962,-0.1353,0.0555,0.0689,0.1358,-9.797,0.1270,None
16.3160,-0.0588,0.1192,-0.0226,-0.0735,0.1410,0.0964,-0.1118,0.1189,0.1024,-0.1258,0.0935,0.0959,-0.1353,0.0559,0.0687,0.1357,-7.599,0.1270,None
16.3256,-0.0584,0.1194,-0.0229,-0.0732,0.1415,0.0959,-0.1115,0.1195,0.1020,-0.1256,0.0941,0.0955,-0.1352,0.0564,0.0685,0.1357,-14.023,0.1270,None
16.3397,-0.0580,0.1196,-0.0231,-0.0729,0.1419,0.0955,-0.1113,0.1200,0.1016,-0.1255,0.0946,0.0951,-0.1351,0.0568,0.0682,0.1356,-9.504,0.1270,None
16.3532,-0.0577,0.1197,-0.0234,-0.0728,0.1423,0.0951,-0.1112,0.1204,0.1011,-0.1255,0.0950,0.0946,-0.1351,0.0572,0.0677,0.1356,-9.920,0.1270,None
16.3674,-0.0574,0.1198,-0.0238,-0.0728,0.1426,0.0945,-0.1113,0.1208,0.1006,-0.1256,0.0955,0.0940,-0.1352,0.0575,0.0672,0.1355,-9.421,0.1270,None
16.3815,-0.0572,0.1200,-0.0241,-0.0728,0.1430,0.0940,-0.1114,0.1212,0.1000,-0.1257,0.0959,0.0934,-0.1353,0.0578,0.0666,0.1354,-9.475,0.1270,None
16.3955,-0.0570,0.1200,-0.0244,-0.0730,0.1432,0.0934,-0.1115,0.1215,0.0994,-0.1259,0.0962,0.0928,-0.1355,0.0580,0.0661,0.1353,-9.529,0.1270,None
16.4095,-0.0571,0.1200,-0.0246,-0.0731,0.1434,0.0930,-0.1117,0.1217,0.0990,-0.1261,0.0963,0.0924,-0.1356,0.0581,0.0659,0.1352,-9.552,0.1269,None
16.4232,-0.0571,0.1199,-0.0249,-0.0733,0.1435,0.0926,-0.1118,0.1218,0.0986,-0.1262,0.0965,0.0920,-0.1356,0.0581,0.0656,0.1350,-9.714,0.1269,None
16.4370,-0.0573,0.1199,-0.0249,-0.0735,0.1436,0.0923,-0.1119,0.1219,0.0983,-0.1263,0.0965,0.0918,-0.1357,0.0580,0.0655,0.1348,-9.611,0.1269,None
16.4510,-0.0575,0.1198,-0.0249,-0.0737,0.1437,0.0921,-0.1120,0.1219,0.0981,-0.1263,0.0966,0.0917,-0.1357,0.0580,0.0655,0.1346,-9.447,0.1269,None
16.4647,-0.0576,0.1197,-0.0249,-0.0738,0.1437,0.0919,-0.1121,0.1219,0.0980,-0.1264,0.0966,0.0916,-0.1357,0.0579,0.0656,0.1344,-9.669,0.1269,None
16.4787,-0.0578,0.1197,-0.0248,-0.0739,0.1437,0.0918,-0.1121,0.1219,0.0979,-0.1264,0.0965,0.0915,-0.1356,0.0578,0.0657,0.1342,-9.470,0.1268,None
16.4929,-0.0579,0.1197,-0.0247,-0.0740,0.1437,0.0917,-0.1122,0.1219,0.0979,-0.1264,0.0965,0.0915,-0.1356,0.0577,0.0657,0.1340,-9.249,0.1268,None
16.5065,-0.0580,0.1196,-0.0246,-0.0740,0.1437,0.0916,-0.1122,0.1219,0.0978,-0.1264,0.0965,0.0914,-0.1356,0.0577,0.0658,0.1339,-9.700,0.1268,None
16.5207,-0.0581,0.1196,-0.0245,-0.0741,0.1437,0.0915,-0.1122,0.1220,0.0977,-0.1264,0.0966,0.0914,-0.1356,0.0577,0.0658,0.1337,-9.288,0.1268,None
16.5347,-0.0581,0.1196,-0.0245,-0.0741,0.1437,0.0914,-0.1122,0.1220,0.0976,-0.1264,0.0966,0.0913,-0.1356,0.0577,0.0658,0.1336,-9.400,0.1268,None
16.5485,-0.0582,0.1196,-0.0244,-0.0742,0.1437,0.0914,-0.1122,0.1220,0.0976,-0.1264,0.0966,0.0912,-0.1355,0.0577,0.0659,0.1334,-9.523,0.1268,None
16.5625,-0.0583,0.1196,-0.0243,-0.0742,0.1437,0.0913,-0.1123,0.1220,0.0975,-0.1264,0.0966,0.0911,-0.1355,0.0577,0.0659,0.1332,-9.324,0.1268,None
16.5763,-0.0583,0.1196,-0.0242,-0.0743,0.1437,0.0913,-0.1123,0.1220,0.0974,-0.1265,0.0967,0.0911,-0.1355,0.0577,0.0659,0.1330,-9.499,0.1268,None
16.5901,-0.0584,0.1196,-0.0241,-0.0743,0.1437,0.0913,-0.1123,0.1220,0.0974,-0.1265,0.0967,0.0910,-0.1355,0.0577,0.0659,0.1329,-9.478,0.1268,None
16.6040,-0.0584,0.1196,-0.0240,-0.0744,0.1437,0.0912,-0.1124,0.1220,0.0973,-0.1265,0.0967,0.0909,-0.1355,0.0577,0.0658,0.1327,-9.389,0.1267,None
16.6179,-0.0584,0.1196,-0.0239,-0.0743,0.1437,0.0912,-0.1124,0.1220,0.0973,-0.1266,0.0967,0.0907,-0.1355,0.0578,0.0657,0.1326,-9.393,0.1267,None
16.6321,-0.0584,0.1196,-0.0238,-0.0744,0.1437,0.0911,-0.1124,0.1220,0.0972,-0.1267,0.0968,0.0905,-0.1355,0.0579,0.0655,0.1325,-9.210,0.1267,None
16.6450,-0.0584,0.1196,-0.0238,-0.0744,0.1437,0.0911,-0.1124,0.1220,0.0971,-0.1267,0.0968,0.0903,-0.1356,0.0580,0.0652,0.1324,-10.128,0.1267,None
16.6592,-0.0584,0.1197,-0.0237,-0.0744,0.1438,0.0910,-0.1125,0.1220,0.0970,-0.1268,0.0969,0.0901,-0.1356,0.0581,0.0649,0.1323,-9.221,0.1267,None
16.6731,-0.0584,0.1197,-0.0237,-0.0744,0.1438,0.0910,-0.1125,0.1220,0.0970,-0.1269,0.0969,0.0899,-0.1357,0.0582,0.0647,0.1323,-9.414,0.1267,None
16.6870,-0.0584,0.1197,-0.0236,-0.0745,0.1437,0.0909,-0.1125,0.1219,0.0970,-0.1269,0.0969,0.0898,-0.1357,0.0582,0.0646,0.1322,-9.392,0.1267,None
16.7013,-0.0584,0.1198,-0.0235,-0.0745,0.1437,0.0909,-0.1125,0.1219,0.0970,-0.1270,0.0969,0.0897,-0.1357,0.0583,0.0644,0.1321,-9.108,0.1267,None
16.7147,-0.0584,0.1198,-0.0233,-0.0745,0.1437,0.0909,-0.1125,0.1219,0.0970,-0.1270,0.0968,0.0896,-0.1357,0.0583,0.0643,0.1320,-9.661,0.1267,None
16.7290,-0.0584,0.1198,-0.0233,-0.0746,0.1437,0.0908,-0.1126,0.1218,0.0970,-0.1271,0.0968,0.0896,-0.1357,0.0583,0.0642,0.1319,-9.140,0.1267,None
16.7431,-0.0585,0.1198,-0.0232,-0.0746,0.1437,0.0908,-0.1126,0.1218,0.0969,-0.1271,0.0968,0.0895,-0.1357,0.0583,0.0642,0.1318,-9.154,0.1266,None
16.7565,-0.0585,0.1198,-0.0231,-0.0746,0.1437,0.0907,-0.1126,0.1218,0.0970,-0.1271,0.0968,0.0895,-0.1357,0.0583,0.0641,0.1317,-9.752,0.1266,None
16.7708,-0.0585,0.1198,-0.0231,-0.0746,0.1437,0.0907,-0.1125,0.1218,0.0970,-0.1271,0.0969,0.0894,-0.1357,0.0584,0.0640,0.1317,-9.079,0.1266,None
16.7847,-0.0585,0.1198,-0.0230,-0.0746,0.1438,0.0906,-0.1125,0.1218,0.0971,-0.1271,0.0969,0.0894,-0.1357,0.0584,0.0639,0.1317,-9.336,0.1266,None
16.7982,-0.0585,0.1198,-0.0230,-0.0746,0.1438,0.0906,-0.1124,0.1218,0.0971,-0.1271,0.0969,0.0893,-0.1357,0.0585,0.0638,0.1317,-9.575,0.1266,None
16.8126,-0.0585,0.1199,-0.0230,-0.0746,0.1438,0.0906,-0.1124,0.1218,0.0972,-0.1271,0.0969,0.0893,-0.1357,0.0586,0.0637,0.1317,-9.003,0.1266,None
16.8261,-0.0584,0.1199,-0.0229,-0.0745,0.1438,0.0906,-0.1123,0.1218,0.0972,-0.1271,0.0970,0.0892,-0.1357,0.0587,0.0635,0.1317,-9.677,0.1266,None
16.8397,-0.0584,0.1199,-0.0229,-0.0744,0.1439,0.0906,-0.1122,0.1219,0.0972,-0.1271,0.0970,0.0891,-0.1357,0.0588,0.0633,0.1317,-9.573,0.1266,None
16.8537,-0.0583,0.1200,-0.0229,-0.0744,0.1439,0.0905,-0.1122,0.1219,0.0972,-0.1271,0.0971,0.0889,-0.1357,0.0590,0.0630,0.1317,-9.215,0.1266,None
16.8679,-0.0582,0.1200,-0.0229,-0.0744,0.1439,0.0905,-0.1122,0.1219,0.0971,-0.1271,0.0972,0.0888,-0.1358,0.0591,0.0628,0.1316,-9.200,0.1266,None
16.8817,-0.0581,0.1201,-0.0229,-0.0744,0.1440,0.0904,-0.1122,0.1220,0.0971,-0.1271,0.0973,0.0886,-0.1358,0.0592,0.0626,0.1316,-9.366,0.1266,None
16.8954,-0.0579,0.1201,-0.0229,-0.0743,0.1440,0.0903,-0.1121,0.1221,0.0970,-0.1271,0.0974,0.0885,-0.1358,0.0594,0.0625,0.1316,-9.488,0.1266,None
16.9095,-0.0578,0.1202,-0.0228,-0.0743,0.1441,0.0902,-0.1120,0.1222,0.0970,-0.1270,0.0975,0.0885,-0.1357,0.0595,0.0624,0.1315,-9.191,0.1266,None
16.9235,-0.0577,0.1203,-0.0228,-0.0742,0.1442,0.0901,-0.1119,0.1223,0.0970,-0.1269,0.0977,0.0885,-0.1356,0.0597,0.0624,0.1314,-9.294,0.1266,None
16.9372,-0.0576,0.1203,-0.0228,-0.0741,0.1443,0.0900,-0.1117,0.1225,0.0969,-0.1268,0.0979,0.0885,-0.1356,0.0599,0.0624,0.1314,-9.453,0.1266,None
16.9515,-0.0575,0.1204,-0.0228,-0.0740,0.1444,0.0899,-0.1116,0.1227,0.0969,-0.1266,0.0981,0.0885,-0.1355,0.0601,0.0624,0.1314,-9.054,0.1266,None
16.9650,-0.0573,0.1205,-0.0228,-0.0739,0.1445,0.0898,-0.1114,0.1229,0.0969,-0.1265,0.0983,0.0885,-0.1354,0.0603,0.0625,0.1313,-9.647,0.1266,None
16.9791,-0.0571,0.1205,-0.0227,-0.0737,0.1446,0.0897,-0.1112,0.1230,0.0969,-0.1263,0.0985,0.0885,-0.1353,0.0605,0.0624,0.1313,-9.193,0.1266,None
16.9928,-0.0569,0.1206,-0.0227,-0.0735,0.1447,0.0897,-0.1110,0.1232,0.0969,-0.1262,0.0987,0.0885,-0.1352,0.0608,0.0624,0.1313,-9.449,0.1266,None
17.0069,-0.0568,0.1207,-0.0227,-0.0733,0.1448,0.0897,-0.1108,0.1234,0.0969,-0.1260,0.0989,0.0885,-0.1351,0.0610,0.0624,0.1313,-9.164,0.1266,None
17.0209,-0.0566,0.1208,-0.0227,-0.0730,0.1449,0.0897,-0.1105,0.1235,0.0970,-0.1258,0.0992,0.0885,-0.1349,0.0613,0.0625,0.1313,-9.249,0.1266,None
17.0346,-0.0565,0.1208,-0.0226,-0.0729,0.1450,0.0897,-0.1103,0.1237,0.0970,-0.1257,0.0993,0.0885,-0.1348,0.0615,0.0624,0.1312,-9.501,0.1266,None
17.0488,-0.0564,0.1209,-0.0224,-0.0729,0.1451,0.0894,-0.1102,0.1239,0.0969,-0.1255,0.0995,0.0884,-0.1347,0.0618,0.0624,0.1309,-9.105,0.1266,None
17.0626,-0.0563,0.1210,-0.0222,-0.0729,0.1452,0.0891,-0.1100,0.1240,0.0969,-0.1253,0.0998,0.0884,-0.1346,0.0620,0.0624,0.1307,-9.350,0.1265,None
17.0762,-0.0561,0.1212,-0.0217,-0.0777,0.1467,0.0793,-0.1094,0.1244,0.0969,-0.1247,0.1002,0.0887,-0.1342,0.0625,0.0628,0.1301,-9.454,0.1265,None
17.0904,-0.0552,0.1219,-0.0202,-0.0845,0.1441,0.0482,-0.1077,0.1251,0.0976,-0.1232,0.1011,0.0897,-0.1331,0.0637,0.0638,0.1290,-8.968,0.1264,None
17.1040,-0.0530,0.1241,-0.0156,-0.0825,0.1397,0.0354,-0.1086,0.1277,0.0900,-0.1211,0.1022,0.0911,-0.1316,0.0652,0.0653,0.1194,-9.170,0.1253,None
17.1181,-0.0493,0.1274,-0.0071,-0.0735,0.1254,0.0142,-0.1095,0.1305,0.0719,-0.1204,0.1065,0.0833,-0.1294,0.0693,0.0628,0.0993,-7.983,0.1218,None
17.1322,-0.0468,0.1288,-0.0005,-0.0638,0.1142,0.0070,-0.1056,0.1291,0.0475,-0.1178,0.1111,0.0706,-0.1252,0.0736,0.0627,0.0759,-6.707,0.1148,None
17.1460,-0.0448,0.1288,0.0038,-0.0566,0.1077,0.0042,-0.0884,0.1147,0.0125,-0.1089,0.1127,0.0401,-0.1172,0.0820,0.0608,0.0466,-5.380,0.0977,None
17.1596,-0.0425,0.1288,0.0069,-0.0519,0.1048,0.0042,-0.0764,0.1059,0.0045,-0.0994,0.1107,0.0297,-0.1080,0.0895,0.0608,0.0410,-3.428,0.0887,None
17.1737,-0.0366,0.1296,0.0107,-0.0391,0.0951,0.0017,-0.0513,0.0875,-0.0049,-0.0820,0.1037,0.0132,-0.0949,0.0980,0.0546,0.0472,-3.114,0.0703,None
17.1878,-0.0272,0.1314,0.0146,-0.0228,0.0853,0.0027,-0.0283,0.0741,-0.0009,-0.0581,0.0889,0.0043,-0.0768,0.1003,0.0420,0.0594,-3.634,0.0530,None
17.2015,-0.0190,0.1324,0.0174,-0.0120,0.0809,0.0054,-0.0186,0.0692,0.0045,-0.0462,0.0817,0.0057,-0.0644,0.1000,0.0390,0.0645,-4.394,0.0455,None
17.2152,-0.0118,0.1322,0.0208,-0.0020,0.0780,0.0096,-0.0091,0.0662,0.0110,-0.0305,0.0708,0.0110,-0.0524,0.0958,0.0351,0.0667,-4.644,0.0376,None
17.2290,-0.0086,0.1292,0.0255,0.0055,0.0763,0.0138,-0.0019,0.0648,0.0162,-0.0201,0.0651,0.0173,-0.0436,0.0915,0.0336,0.0654,-4.572,0.0321,None
17.2426,-0.0058,0.1258,0.0297,0.0113,0.0748,0.0169,0.0031,0.0638,0.0195,-0.0144,0.0631,0.0212,-0.0373,0.0897,0.0341,0.0634,-4.517,0.0291,None
17.2569,-0.0044,0.1219,0.0336,0.0157,0.0734,0.0204,0.0062,0.0629,0.0223,-0.0106,0.0614,0.0244,-0.0332,0.0882,0.0343,0.0609,-4.104,0.0273,None
17.2704,-0.0023,0.1191,0.0376,0.0191,0.0717,0.0246,0.0080,0.0620,0.0247,-0.0082,0.0600,0.0271,-0.0305,0.0872,0.0356,0.0595,-4.259,0.0268,None
17.2840,0.0002,0.1170,0.0409,0.0215,0.0709,0.0279,0.0099,0.0608,0.0271,-0.0061,0.0589,0.0295,-0.0278,0.0864,0.0370,0.0587,-4.168,0.0260,None
17.2983,0.0012,0.1151,0.0438,0.0222,0.0707,0.0304,0.0106,0.0600,0.0287,-0.0053,0.0579,0.0310,-0.0263,0.0851,0.0380,0.0579,-3.977,0.0259,None
17.3121,0.0017,0.1139,0.0457,0.0227,0.0702,0.0318,0.0110,0.0594,0.0298,-0.0049,0.0573,0.0319,-0.0255,0.0842,0.0389,0.0576,-4.105,0.0259,None
17.3260,0.0012,0.1135,0.0466,0.0226,0.0701,0.0323,0.0109,0.0592,0.0302,-0.0050,0.0568,0.0324,-0.0250,0.0819,0.0375,0.0575,-4.124,0.0258,None
17.3396,0.0011,0.1130,0.0476,0.0227,0.0698,0.0330,0.0109,0.0589,0.0308,-0.0048,0.0564,0.0329,-0.0243,0.0796,0.0363,0.0575,-4.164,0.0258,None
17.3536,0.0000,0.1129,0.0478,0.0223,0.0699,0.0331,0.0105,0.0590,0.0308,-0.0052,0.0561,0.0330,-0.0245,0.0785,0.0357,0.0574,-4.089,0.0258,None
17.3675,-0.0010,0.1129,0.0476,0.0218,0.0702,0.0330,0.0100,0.0592,0.0307,-0.0056,0.0560,0.0328,-0.0249,0.0778,0.0350,0.0574,-4.120,0.0258,None
17.3817,-0.0024,0.1126,0.0478,0.0215,0.0703,0.0329,0.0097,0.0592,0.0307,-0.0058,0.0559,0.0327,-0.0251,0.0771,0.0344,0.0574,-4.008,0.0257,None
17.3953,-0.0039,0.1125,0.0477,0.0212,0.0706,0.0328,0.0094,0.0594,0.0305,-0.0061,0.0559,0.0324,-0.0253,0.0770,0.0339,0.0573,-4.183,0.0257,None
17.4096,-0.0049,0.1126,0.0471,0.0209,0.0709,0.0324,0.0091,0.0597,0.0302,-0.0063,0.0560,0.0320,-0.0256,0.0770,0.0332,0.0573,-3.953,0.0257,None
17.4232,-0.0057,0.1127,0.0466,0.0207,0.0711,0.0321,0.0089,0.0599,0.0299,-0.0066,0.0561,0.0316,-0.0259,0.0769,0.0325,0.0572,-4.154,0.0256,None
17.4373,-0.0061,0.1129,0.0459,0.0205,0.0714,0.0317,0.0087,0.0602,0.0295,-0.0067,0.0562,0.0312,-0.0260,0.0770,0.0319,0.0572,-4.015,0.0256,None
17.4511,-0.0065,0.1130,0.0451,0.0204,0.0716,0.0312,0.0086,0.0604,0.0291,-0.0068,0.0563,0.0308,-0.0262,0.0770,0.0312,0.0570,-4.092,0.0256,None
17.4649,-0.0069,0.1130,0.0445,0.0203,0.0719,0.0307,0.0084,0.0607,0.0287,-0.0068,0.0564,0.0304,-0.0263,0.0771,0.0306,0.0567,-4.064,0.0256,None
17.4788,-0.0072,0.1132,0.0439,0.0202,0.0721,0.0303,0.0083,0.0609,0.0284,-0.0069,0.0564,0.0301,-0.0264,0.0771,0.0301,0.0567,-4.036,0.0256,None
17.4930,-0.0075,0.1133,0.0435,0.0201,0.0722,0.0300,0.0081,0.0610,0.0281,-0.0070,0.0564,0.0298,-0.0265,0.0769,0.0295,0.0567,-3.957,0.0256,None
17.5066,-0.0078,0.1134,0.0432,0.0199,0.0724,0.0298,0.0080,0.0612,0.0280,-0.0071,0.0564,0.0296,-0.0265,0.0766,0.0290,0.0566,-4.116,0.0256,None
17.5203,-0.0081,0.1135,0.0429,0.0198,0.0725,0.0296,0.0078,0.0613,0.0278,-0.0072,0.0564,0.0294,-0.0266,0.0762,0.0285,0.0566,-4.059,0.0256,None
17.5344,-0.0083,0.1135,0.0428,0.0197,0.0726,0.0295,0.0077,0.0614,0.0277,-0.0073,0.0564,0.0292,-0.0266,0.0761,0.0283,0.0566,-3.961,0.0256,None
17.5486,-0.0085,0.1135,0.0427,0.0195,0.0727,0.0295,0.0076,0.0614,0.0277,-0.0074,0.0563,0.0291,-0.0267,0.0759,0.0282,0.0565,-3.916,0.0256,None
17.5625,-0.0088,0.1135,0.0427,0.0194,0.0727,0.0294,0.0074,0.0615,0.0276,-0.0075,0.0563,0.0291,-0.0268,0.0758,0.0280,0.0565,-4.017,0.0257,None
17.5761,-0.0090,0.1134,0.0427,0.0193,0.0728,0.0295,0.0073,0.0615,0.0276,-0.0076,0.0562,0.0290,-0.0269,0.0756,0.0280,0.0564,-4.113,0.0257,None
17.5902,-0.0092,0.1134,0.0428,0.0192,0.0728,0.0295,0.0072,0.0616,0.0276,-0.0077,0.0561,0.0290,-0.0270,0.0755,0.0279,0.0564,-3.924,0.0257,None
17.6038,-0.0094,0.1132,0.0428,0.0191,0.0728,0.0295,0.0071,0.0616,0.0277,-0.0077,0.0561,0.0289,-0.0271,0.0754,0.0278,0.0563,-4.078,0.0257,None
17.6176,-0.0096,0.1131,0.0428,0.0190,0.0729,0.0295,0.0070,0.0617,0.0277,-0.0078,0.0561,0.0289,-0.0271,0.0752,0.0277,0.0562,-4.032,0.0257,None
17.6319,-0.0098,0.1131,0.0429,0.0189,0.0729,0.0296,0.0069,0.0617,0.0277,-0.0079,0.0560,0.0288,-0.0271,0.0751,0.0276,0.0561,-3.872,0.0258,None
17.6459,-0.0099,0.1131,0.0429,0.0188,0.0730,0.0296,0.0067,0.0618,0.0276,-0.0080,0.0560,0.0288,-0.0272,0.0751,0.0276,0.0561,-3.969,0.0259,None
17.6593,-0.0100,0.1131,0.0429,0.0187,0.0730,0.0296,0.0066,0.0619,0.0276,-0.0081,0.0561,0.0287,-0.0273,0.0750,0.0276,0.0560,-4.112,0.0260,None
17.6734,-0.0103,0.1132,0.0427,0.0184,0.0732,0.0294,0.0058,0.0631,0.0275,-0.0083,0.0563,0.0286,-0.0275,0.0752,0.0277,0.0548,-3.940,0.0269,None
17.6873,-0.0098,0.1152,0.0416,0.0160,0.0770,0.0295,-0.0034,0.0768,0.0246,-0.0170,0.0721,0.0258,-0.0313,0.0834,0.0327,0.0426,-3.998,0.0407,None
17.7011,-0.0086,0.1191,0.0395,0.0108,0.0827,0.0273,-0.0104,0.0866,0.0238,-0.0235,0.0839,0.0262,-0.0358,0.0918,0.0388,0.0361,-3.259,0.0508,None
17.7151,0.0040,0.1323,0.0243,-0.0095,0.1331,0.0491,-0.0307,0.1368,0.0590,-0.0413,0.1284,0.0602,-0.0501,0.1134,0.0717,0.0493,-3.450,0.0981,None
17.7291,0.0120,0.1373,0.0102,-0.0043,0.1527,0.0893,-0.0291,0.1501,0.1052,-0.0455,0.1379,0.0999,-0.0652,0.1101,0.0920,0.1043,-4.617,0.1217,None
17.7431,0.0125,0.1387,0.0007,0.0001,0.1567,0.0987,-0.0326,0.1481,0.1192,-0.0524,0.1348,0.1117,-0.0798,0.1031,0.0943,0.1271,-7.994,0.1271,None
17.7568,0.0125,0.1391,-0.0088,-0.0007,0.1610,0.0974,-0.0402,0.1435,0.1261,-0.0643,0.1298,0.1153,-0.0960,0.0952,0.0903,0.1449,-9.897,0.1293,None
17.7709,0.0116,0.1386,-0.0190,-0.0100,0.1674,0.0856,-0.0534,0.1451,0.1188,-0.0788,0.1270,0.1096,-0.1091,0.0888,0.0825,0.1524,-10.884,0.1295,None
17.7847,0.0118,0.1375,-0.0267,-0.0199,0.1721,0.0738,-0.0659,0.1473,0.1089,-0.0922,0.1250,0.1005,-0.1189,0.0839,0.0732,0.1566,-11.590,0.1295,None
17.7987,0.0095,0.1364,-0.0327,-0.0259,0.1749,0.0646,-0.0735,0.1501,0.0999,-0.0983,0.1258,0.0933,-0.1242,0.0808,0.0671,0.1570,-11.468,0.1295,None
17.8128,0.0083,0.1360,-0.0344,-0.0246,0.1756,0.0634,-0.0712,0.1510,0.1003,-0.0962,0.1264,0.0947,-0.1235,0.0794,0.0693,0.1571,-11.114,0.1295,None
17.8264,0.0075,0.1361,-0.0344,-0.0214,0.1755,0.0647,-0.0668,0.1511,0.1031,-0.0922,0.1265,0.0984,-0.1206,0.0796,0.0739,0.1570,-11.424,0.1295,None
17.8405,0.0067,0.1360,-0.0347,-0.0193,0.1756,0.0651,-0.0638,0.1514,0.1046,-0.0894,0.1266,0.1008,-0.1186,0.0797,0.0770,0.1569,-11.032,0.1295,None
17.8547,0.0062,0.1360,-0.0347,-0.0169,0.1756,0.0660,-0.0607,0.1515,0.1063,-0.0866,0.1267,0.1031,-0.1164,0.0798,0.0800,0.1568,-10.864,0.1295,None
17.8683,0.0053,0.1360,-0.0349,-0.0159,0.1756,0.0661,-0.0590,0.1518,0.1070,-0.0850,0.1268,0.1044,-0.1151,0.0798,0.0819,0.1566,-11.444,0.1295,None
17.8822,0.0044,0.1359,-0.0353,-0.0150,0.1757,0.0660,-0.0576,0.1520,0.1074,-0.0836,0.1269,0.1054,-0.1140,0.0797,0.0834,0.1564,-11.126,0.1295,None
17.8959,0.0032,0.1357,-0.0360,-0.0153,0.1759,0.0655,-0.0576,0.1525,0.1069,-0.0834,0.1269,0.1055,-0.1137,0.0795,0.0840,0.1562,-11.324,0.1295,None
17.9100,0.0018,0.1356,-0.0366,-0.0164,0.1761,0.0649,-0.0584,0.1526,0.1063,-0.0840,0.1267,0.1052,-0.1140,0.0789,0.0842,0.1560,-10.966,0.1295,None
17.9237,0.0003,0.1354,-0.0372,-0.0174,0.1762,0.0642,-0.0591,0.1527,0.1058,-0.0846,0.1266,0.1050,-0.1142,0.0784,0.0843,0.1558,-11.263,0.1295,None
17.9376,-0.0012,0.1353,-0.0377,-0.0188,0.1762,0.0639,-0.0601,0.1526,0.1054,-0.0855,0.1261,0.1048,-0.1147,0.0776,0.0844,0.1557,-11.091,0.1295,None
17.9519,-0.0027,0.1352,-0.0379,-0.0200,0.1761,0.0638,-0.0611,0.1523,0.1053,-0.0863,0.1255,0.1048,-0.1151,0.0767,0.0846,0.1556,-10.704,0.1295,None
17.9654,-0.0041,0.1351,-0.0379,-0.0211,0.1758,0.0641,-0.0619,0.1518,0.1056,-0.0870,0.1248,0.1052,-0.1154,0.0758,0.0850,0.1556,-11.323,0.1295,None
17.9793,-0.0055,0.1351,-0.0380,-0.0221,0.1756,0.0644,-0.0626,0.1513,0.1059,-0.0876,0.1240,0.1056,-0.1157,0.0749,0.0854,0.1556,-11.088,0.1295,None
17.9930,-0.0065,0.1351,-0.0378,-0.0227,0.1754,0.0648,-0.0630,0.1509,0.1062,-0.0880,0.1234,0.1059,-0.1158,0.0743,0.0857,0.1555,-11.098,0.1295,None
18.0071,-0.0073,0.1351,-0.0375,-0.0231,0.1751,0.0654,-0.0633,0.1505,0.1066,-0.0883,0.1229,0.1063,-0.1159,0.0738,0.0859,0.1554,-10.879,0.1295,None
18.0209,-0.0080,0.1351,-0.0373,-0.0235,0.1748,0.0660,-0.0636,0.1501,0.1070,-0.0885,0.1223,0.1067,-0.1160,0.0734,0.0862,0.1553,-11.039,0.1295,None
18.0348,-0.0085,0.1351,-0.0370,-0.0237,0.1746,0.0665,-0.0638,0.1499,0.1072,-0.0887,0.1220,0.1069,-0.1161,0.0732,0.0863,0.1552,-10.917,0.1295,None
18.0491,-0.0086,0.1352,-0.0367,-0.0235,0.1745,0.0670,-0.0637,0.1497,0.1075,-0.0887,0.1219,0.1071,-0.1160,0.0733,0.0863,0.1550,-10.705,0.1295,None
18.0630,-0.0103,0.1352,-0.0364,-0.0233,0.1743,0.0675,-0.0636,0.1496,0.1077,-0.0886,0.1218,0.1073,-0.1159,0.0734,0.0863,0.1543,-10.864,0.1294,None
18.0765,-0.0118,0.1352,-0.0361,-0.0230,0.1742,0.0679,-0.0634,0.1496,0.1078,-0.0885,0.1218,0.1074,-0.1158,0.0736,0.0862,0.1536,-11.257,0.1294,None
18.0907,-0.0124,0.1351,-0.0360,-0.0228,0.1741,0.0683,-0.0633,0.1496,0.1079,-0.0884,0.1218,0.1074,-0.1157,0.0739,0.0862,0.1533,-10.579,0.1294,None
18.1044,-0.0126,0.1351,-0.0359,-0.0226,0.1740,0.0686,-0.0632,0.1496,0.1080,-0.0883,0.1218,0.1074,-0.1156,0.0741,0.0861,0.1532,-11.027,0.1294,None
18.1182,-0.0129,0.1351,-0.0358,-0.0226,0.1739,0.0688,-0.0631,0.1496,0.1081,-0.0883,0.1218,0.1074,-0.1156,0.0743,0.0860,0.1531,-10.916,0.1294,None
18.1322,-0.0132,0.1350,-0.0358,-0.0227,0.1738,0.0690,-0.0632,0.1495,0.1081,-0.0884,0.1218,0.1074,-0.1155,0.0744,0.0860,0.1530,-10.747,0.1293,None
18.1461,-0.0136,0.1350,-0.0358,-0.0229,0.1737,0.0693,-0.0634,0.1495,0.1080,-0.0885,0.1217,0.1073,-0.1156,0.0744,0.0859,0.1529,-10.845,0.1293,None
18.1597,-0.0139,0.1349,-0.0358,-0.0234,0.1734,0.0697,-0.0635,0.1494,0.1080,-0.0887,0.1217,0.1073,-0.1156,0.0745,0.0857,0.1528,-11.062,0.1293,None
18.1740,-0.0143,0.1348,-0.0358,-0.0239,0.1732,0.0701,-0.0637,0.1493,0.1080,-0.0889,0.1216,0.1072,-0.1156,0.0746,0.0856,0.1527,-10.543,0.1293,None
18.1879,-0.0147,0.1347,-0.0358,-0.0243,0.1730,0.0704,-0.0639,0.1493,0.1079,-0.0890,0.1216,0.1071,-0.1157,0.0747,0.0855,0.1526,-10.834,0.1293,None
18.2018,-0.0151,0.1347,-0.0357,-0.0248,0.1728,0.0707,-0.0641,0.1492,0.1079,-0.0892,0.1215,0.1070,-0.1157,0.0748,0.0854,0.1525,-10.789,0.1293,None
18.2154,-0.0154,0.1346,-0.0357,-0.0250,0.1728,0.0708,-0.0643,0.1492,0.1079,-0.0894,0.1214,0.1069,-0.1157,0.0748,0.0852,0.1524,-11.050,0.1293,None
18.2296,-0.0158,0.1345,-0.0357,-0.0252,0.1727,0.0708,-0.0644,0.1491,0.1078,-0.0895,0.1214,0.1069,-0.1157,0.0749,0.0852,0.1522,-10.537,0.1293,None
18.2433,-0.0162,0.1344,-0.0358,-0.0254,0.1727,0.0708,-0.0646,0.1491,0.1077,-0.0896,0.1214,0.1068,-0.1157,0.0750,0.0851,0.1521,-10.969,0.1293,None
18.2571,-0.0165,0.1344,-0.0358,-0.0256,0.1726,0.0709,-0.0647,0.1491,0.1077,-0.0897,0.1213,0.1068,-0.1157,0.0751,0.0851,0.1520,-10.820,0.1292,None
18.2715,-0.0168,0.1343,-0.0358,-0.0257,0.1726,0.0709,-0.0648,0.1491,0.1076,-0.0898,0.1213,0.1067,-0.1156,0.0752,0.0851,0.1519,-10.429,0.1292,None
18.2849,-0.0171,0.1343,-0.0358,-0.0259,0.1726,0.0709,-0.0649,0.1491,0.1075,-0.0898,0.1213,0.1066,-0.1156,0.0753,0.0850,0.1517,-11.137,0.1292,None
18.2989,-0.0174,0.1342,-0.0358,-0.0260,0.1726,0.0708,-0.0650,0.1491,0.1073,-0.0899,0.1214,0.1065,-0.1156,0.0754,0.0849,0.1516,-10.659,0.1292,None
18.3129,-0.0176,0.1341,-0.0359,-0.0260,0.1726,0.0708,-0.0651,0.1492,0.1072,-0.0900,0.1215,0.1063,-0.1156,0.0756,0.0848,0.1515,-10.677,0.1292,None
18.3267,-0.0178,0.1341,-0.0360,-0.0261,0.1725,0.0709,-0.0651,0.1492,0.1071,-0.0900,0.1215,0.1062,-0.1155,0.0758,0.0847,0.1514,-10.809,0.1292,None
18.3404,-0.0180,0.1340,-0.0360,-0.0261,0.1725,0.0709,-0.0652,0.1493,0.1070,-0.0900,0.1216,0.1061,-0.1155,0.0759,0.0846,0.1513,-10.869,0.1292,None
18.3544,-0.0181,0.1340,-0.0361,-0.0261,0.1725,0.0709,-0.0652,0.1494,0.1068,-0.0901,0.1217,0.1059,-0.1154,0.0761,0.0845,0.1512,-10.656,0.1292,None
18.3684,-0.0183,0.1339,-0.0361,-0.0261,0.1725,0.0708,-0.0653,0.1494,0.1067,-0.0901,0.1218,0.1058,-0.1154,0.0763,0.0844,0.1511,-10.649,0.1291,None
18.3823,-0.0184,0.1339,-0.0362,-0.0262,0.1725,0.0708,-0.0653,0.1495,0.1065,-0.0901,0.1219,0.1056,-0.1153,0.0765,0.0842,0.1510,-10.741,0.1291,None
18.3956,-0.0186,0.1338,-0.0362,-0.0262,0.1725,0.0708,-0.0653,0.1496,0.1064,-0.0902,0.1220,0.1054,-0.1153,0.0767,0.0841,0.1509,-11.225,0.1291,None
18.4099,-0.0187,0.1338,-0.0363,-0.0262,0.1725,0.0707,-0.0653,0.1497,0.1062,-0.0902,0.1221,0.1053,-0.1152,0.0769,0.0840,0.1508,-10.403,0.1291,None
18.4237,-0.0188,0.1338,-0.0363,-0.0262,0.1726,0.0707,-0.0653,0.1498,0.1061,-0.0902,0.1222,0.1051,-0.1151,0.0772,0.0839,0.1506,-10.766,0.1291,None
18.4375,-0.0189,0.1338,-0.0364,-0.0261,0.1726,0.0706,-0.0653,0.1499,0.1059,-0.0901,0.1224,0.1049,-0.1150,0.0775,0.0837,0.1505,-10.698,0.1291,None
18.4517,-0.0189,0.1338,-0.0364,-0.0260,0.1726,0.0706,-0.0652,0.1500,0.1057,-0.0900,0.1226,0.1048,-0.1149,0.0778,0.0836,0.1504,-10.460,0.1291,None
18.4655,-0.0189,0.1337,-0.0365,-0.0260,0.1726,0.0705,-0.0652,0.1502,0.1055,-0.0900,0.1228,0.1046,-0.1148,0.0781,0.0834,0.1503,-10.761,0.1290,None
18.4797,-0.0189,0.1337,-0.0366,-0.0259,0.1727,0.0705,-0.0651,0.1503,0.1053,-0.0899,0.1230,0.1044,-0.1147,0.0784,0.0832,0.1502,-10.388,0.1290,None
18.4933,-0.0189,0.1337,-0.0367,-0.0259,0.1727,0.0704,-0.0651,0.1504,0.1052,-0.0900,0.1232,0.1041,-0.1147,0.0787,0.0830,0.1501,-10.931,0.1290,None
18.5073,-0.0189,0.1337,-0.0368,-0.0259,0.1727,0.0704,-0.0651,0.1505,0.1050,-0.0900,0.1233,0.1039,-0.1147,0.0789,0.0828,0.1500,-10.537,0.1290,None
18.5209,-0.0190,0.1336,-0.0369,-0.0259,0.1727,0.0703,-0.0651,0.1506,0.1048,-0.0900,0.1235,0.1037,-0.1146,0.0792,0.0826,0.1500,-10.863,0.1290,None
18.5349,-0.0190,0.1336,-0.0370,-0.0259,0.1727,0.0703,-0.0652,0.1507,0.1046,-0.0900,0.1236,0.1035,-0.1146,0.0794,0.0824,0.1499,-10.554,0.1290,None
18.5489,-0.0191,0.1336,-0.0370,-0.0260,0.1727,0.0703,-0.0653,0.1508,0.1044,-0.0901,0.1237,0.1034,-0.1146,0.0796,0.0822,0.1498,-10.578,0.1290,None
18.5630,-0.0191,0.1336,-0.0371,-0.0261,0.1726,0.0702,-0.0654,0.1508,0.1043,-0.0902,0.1237,0.1032,-0.1146,0.0797,0.0821,0.1498,-10.448,0.1289,None
18.5770,-0.0192,0.1336,-0.0371,-0.0263,0.1726,0.0702,-0.0656,0.1508,0.1042,-0.0903,0.1237,0.1031,-0.1147,0.0798,0.0820,0.1497,-10.605,0.1289,None
18.5907,-0.0194,0.1335,-0.0372,-0.0265,0.1726,0.0703,-0.0657,0.1508,0.1041,-0.0904,0.1237,0.1031,-0.1146,0.0798,0.0820,0.1497,-10.720,0.1289,None
18.6042,-0.0196,0.1335,-0.0372,-0.0266,0.1725,0.0703,-0.0658,0.1507,0.1041,-0.0904,0.1237,0.1030,-0.1146,0.0798,0.0820,0.1496,-10.962,0.1289,None
18.6182,-0.0198,0.1335,-0.0372,-0.0268,0.1725,0.0703,-0.0660,0.1507,0.1040,-0.0905,0.1236,0.1030,-0.1146,0.0799,0.0819,0.1496,-10.521,0.1289,None
18.6326,-0.0200,0.1334,-0.0373,-0.0270,0.1724,0.0703,-0.0662,0.1507,0.1039,-0.0906,0.1236,0.1029,-0.1146,0.0799,0.0819,0.1495,-10.238,0.1289,None
18.6462,-0.0202,0.1333,-0.0374,-0.0272,0.1724,0.0704,-0.0663,0.1507,0.1038,-0.0907,0.1236,0.1028,-0.1146,0.0799,0.0818,0.1495,-10.836,0.1289,None
18.6601,-0.0204,0.1333,-0.0375,-0.0273,0.1723,0.0703,-0.0665,0.1507,0.1036,-0.0908,0.1236,0.1027,-0.1146,0.0800,0.0818,0.1495,-10.652,0.1289,None
18.6737,-0.0206,0.1332,-0.0376,-0.0275,0.1723,0.0703,-0.0666,0.1507,0.1035,-0.0908,0.1236,0.1027,-0.1146,0.0801,0.0818,0.1494,-10.784,0.1288,None
18.6882,-0.0208,0.1332,-0.0377,-0.0276,0.1723,0.0702,-0.0667,0.1507,0.1034,-0.0908,0.1236,0.1026,-0.1146,0.0801,0.0817,0.1494,-10.178,0.1288,None
18.7018,-0.0210,0.1331,-0.0377,-0.0278,0.1723,0.0702,-0.0668,0.1507,0.1033,-0.0909,0.1236,0.1026,-0.1146,0.0802,0.0817,0.1494,-10.816,0.1288,None
18.7154,-0.0211,0.1330,-0.0378,-0.0279,0.1722,0.0702,-0.0670,0.1507,0.1032,-0.0909,0.1236,0.1026,-0.1146,0.0803,0.0817,0.1493,-10.893,0.1288,None
18.7293,-0.0212,0.1330,-0.0378,-0.0281,0.1722,0.0702,-0.0671,0.1507,0.1032,-0.0909,0.1236,0.1026,-0.1145,0.0803,0.0817,0.1493,-10.553,0.1288,None
18.7439,-0.0214,0.1330,-0.0378,-0.0282,0.1722,0.0703,-0.0672,0.1506,0.1031,-0.0909,0.1236,0.1026,-0.1145,0.0803,0.0817,0.1492,-10.050,0.1288,None
18.7565,-0.0215,0.1330,-0.0377,-0.0283,0.1721,0.0703,-0.0673,0.1506,0.1031,-0.0910,0.1235,0.1026,-0.1145,0.0803,0.0816,0.1492,-11.718,0.1288,None
18.7710,-0.0217,0.1329,-0.0377,-0.0285,0.1720,0.0704,-0.0674,0.1505,0.1031,-0.0911,0.1234,0.1026,-0.1146,0.0803,0.0816,0.1491,-10.159,0.1288,None
18.7845,-0.0218,0.1329,-0.0377,-0.0286,0.1720,0.0705,-0.0675,0.1504,0.1031,-0.0912,0.1233,0.1026,-0.1146,0.0803,0.0816,0.1491,-10.843,0.1288,None
18.7985,-0.0220,0.1329,-0.0376,-0.0287,0.1719,0.0706,-0.0677,0.1504,0.1031,-0.0913,0.1233,0.1026,-0.1146,0.0803,0.0816,0.1490,-10.556,0.1287,None
18.8127,-0.0222,0.1328,-0.0376,-0.0289,0.1719,0.0706,-0.0678,0.1503,0.1031,-0.0913,0.1232,0.1026,-0.1146,0.0803,0.0816,0.1490,-10.311,0.1287,None
18.8265,-0.0225,0.1328,-0.0376,-0.0290,0.1718,0.0707,-0.0679,0.1502,0.1031,-0.0914,0.1231,0.1027,-0.1146,0.0802,0.0817,0.1489,-10.627,0.1287,None
18.8403,-0.0227,0.1328,-0.0376,-0.0291,0.1718,0.0707,-0.0680,0.1502,0.1031,-0.0915,0.1230,0.1027,-0.1146,0.0802,0.0817,0.1488,-10.612,0.1287,None
18.8541,-0.0229,0.1327,-0.0376,-0.0293,0.1717,0.0708,-0.0682,0.1501,0.1030,-0.0915,0.1230,0.1027,-0.1146,0.0802,0.0817,0.1487,-10.662,0.1287,None
18.8687,-0.0231,0.1327,-0.0376,-0.0294,0.1717,0.0708,-0.0683,0.1501,0.1030,-0.0916,0.1229,0.1027,-0.1146,0.0802,0.0817,0.1487,-10.057,0.1287,None
18.8823,-0.0233,0.1326,-0.0376,-0.0296,0.1716,0.0708,-0.0685,0.1500,0.1030,-0.0917,0.1229,0.1027,-0.1146,0.0802,0.0817,0.1486,-10.789,0.1287,None
18.8962,-0.0235,0.1326,-0.0375,-0.0297,0.1716,0.0708,-0.0686,0.1500,0.1029,-0.0917,0.1228,0.1026,-0.1146,0.0802,0.0817,0.1485,-10.515,0.1287,None
18.9101,-0.0237,0.1325,-0.0375,-0.0298,0.1716,0.0708,-0.0687,0.1500,0.1028,-0.0918,0.1228,0.1026,-0.1146,0.0803,0.0816,0.1484,-10.530,0.1287,None
18.9237,-0.0239,0.1325,-0.0375,-0.0299,0.1716,0.0708,-0.0688,0.1500,0.1027,-0.0919,0.1228,0.1025,-0.1146,0.0803,0.0815,0.1483,-10.708,0.1287,None
18.9377,-0.0240,0.1325,-0.0375,-0.0299,0.1715,0.0708,-0.0689,0.1500,0.1027,-0.0919,0.1228,0.1025,-0.1146,0.0804,0.0815,0.1483,-10.440,0.1286,None
18.9519,-0.0241,0.1324,-0.0375,-0.0300,0.1715,0.0709,-0.0690,0.1499,0.1026,-0.0920,0.1227,0.1025,-0.1146,0.0804,0.0814,0.1482,-10.290,0.1286,None
18.9656,-0.0242,0.1324,-0.0375,-0.0300,0.1715,0.0709,-0.0691,0.1499,0.1026,-0.0920,0.1227,0.1025,-0.1146,0.0804,0.0814,0.1482,-10.660,0.1286,None
18.9797,-0.0243,0.1324,-0.0375,-0.0300,0.1714,0.0711,-0.0692,0.1499,0.1026,-0.0921,0.1227,0.1025,-0.1146,0.0804,0.0815,0.1482,-10.379,0.1286,None
18.9933,-0.0244,0.1324,-0.0375,-0.0300,0.1713,0.0712,-0.0693,0.1498,0.1026,-0.0921,0.1226,0.1025,-0.1146,0.0805,0.0815,0.1481,-10.720,0.1286,None
19.0072,-0.0245,0.1324,-0.0374,-0.0300,0.1712,0.0715,-0.0694,0.1497,0.1026,-0.0922,0.1225,0.1025,-0.1145,0.0805,0.0815,0.1481,-10.477,0.1286,None
19.0212,-0.0245,0.1324,-0.0373,-0.0299,0.1711,0.0718,-0.0694,0.1496,0.1027,-0.0922,0.1225,0.1026,-0.1145,0.0805,0.0816,0.1480,-10.463,0.1286,None
19.0350,-0.0245,0.1325,-0.0370,-0.0295,0.1708,0.0726,-0.0695,0.1494,0.1029,-0.0922,0.1224,0.1027,-0.1143,0.0805,0.0819,0.1479,-10.524,0.1285,None
19.0495,-0.0244,0.1327,-0.0363,-0.0267,0.1696,0.0761,-0.0708,0.1496,0.1016,-0.0940,0.1231,0.0999,-0.1140,0.0805,0.0823,0.1464,-9.999,0.1284,None
19.0628,-0.0242,0.1330,-0.0355,-0.0241,0.1678,0.0801,-0.0740,0.1502,0.0975,-0.0966,0.1242,0.0954,-0.1136,0.0805,0.0829,0.1431,-10.767,0.1281,None
19.0768,-0.0239,0.1333,-0.0344,-0.0261,0.1637,0.0857,-0.0803,0.1512,0.0877,-0.0984,0.1248,0.0916,-0.1130,0.0806,0.0837,0.1357,-10.052,0.1269,None
19.0907,-0.0242,0.1336,-0.0323,-0.0288,0.1596,0.0904,-0.0842,0.1508,0.0801,-0.0988,0.1249,0.0906,-0.1123,0.0805,0.0848,0.1286,-9.457,0.1255,None
19.1049,-0.0244,0.1339,-0.0299,-0.0301,0.1563,0.0941,-0.0860,0.1500,0.0753,-0.0986,0.1247,0.0906,-0.1113,0.0807,0.0860,0.1230,-8.805,0.1243,None
19.1184,-0.0243,0.1342,-0.0278,-0.0302,0.1541,0.0969,-0.0865,0.1493,0.0740,-0.0982,0.1244,0.0911,-0.1099,0.0817,0.0874,0.1203,-8.832,0.1238,None
19.1328,-0.0237,0.1346,-0.0262,-0.0292,0.1530,0.0988,-0.0864,0.1487,0.0741,-0.0979,0.1242,0.0914,-0.1088,0.0821,0.0885,0.1191,-8.148,0.1235,None
19.1463,-0.0232,0.1349,-0.0247,-0.0283,0.1521,0.1004,-0.0866,0.1482,0.0734,-0.0993,0.1246,0.0875,-0.1083,0.0820,0.0893,0.1175,-8.667,0.1232,None
19.1601,-0.0227,0.1353,-0.0232,-0.0275,0.1511,0.1019,-0.0870,0.1475,0.0720,-0.1003,0.1248,0.0839,-0.1077,0.0819,0.0900,0.1156,-8.323,0.1227,None
19.1739,-0.0222,0.1355,-0.0219,-0.0265,0.1504,0.1032,-0.0873,0.1470,0.0702,-0.1011,0.1251,0.0802,-0.1089,0.0839,0.0859,0.1134,-8.186,0.1221,None
19.1882,-0.0217,0.1358,-0.0209,-0.0256,0.1498,0.1042,-0.0873,0.1466,0.0690,-0.1016,0.1254,0.0762,-0.1099,0.0862,0.0807,0.1119,-7.804,0.1217,None
19.2020,-0.0211,0.1360,-0.0200,-0.0248,0.1494,0.1050,-0.0873,0.1463,0.0678,-0.1018,0.1255,0.0734,-0.1101,0.0877,0.0774,0.1104,-7.930,0.1213,None
19.2156,-0.0207,0.1361,-0.0195,-0.0242,0.1491,0.1054,-0.0870,0.1463,0.0679,-0.1019,0.1257,0.0710,-0.1101,0.0887,0.0753,0.1101,-8.021,0.1212,None
19.2299,-0.0204,0.1362,-0.0191,-0.0239,0.1490,0.1056,-0.0868,0.1463,0.0680,-0.1018,0.1258,0.0709,-0.1100,0.0893,0.0743,0.1100,-7.554,0.1212,None
19.2436,-0.0197,0.1366,-0.0180,-0.0237,0.1489,0.1057,-0.0867,0.1463,0.0681,-0.1016,0.1259,0.0708,-0.1099,0.0898,0.0733,0.1095,-7.845,0.1212,None
19.2572,-0.0190,0.1370,-0.0166,-0.0238,0.1490,0.1055,-0.0869,0.1463,0.0680,-0.1018,0.1259,0.0704,-0.1099,0.0901,0.0728,0.1088,-7.907,0.1212,None
19.2715,-0.0188,0.1372,-0.0158,-0.0240,0.1490,0.1055,-0.0871,0.1462,0.0679,-0.1020,0.1258,0.0702,-0.1100,0.0901,0.0726,0.1084,-7.469,0.1212,None
19.2850,-0.0187,0.1373,-0.0153,-0.0242,0.1490,0.1054,-0.0874,0.1460,0.0678,-0.1022,0.1257,0.0699,-0.1101,0.0902,0.0723,0.1082,-7.889,0.1212,None
19.2992,-0.0190,0.1372,-0.0152,-0.0244,0.1489,0.1053,-0.0878,0.1459,0.0677,-0.1025,0.1255,0.0696,-0.1102,0.0901,0.0720,0.1080,-7.491,0.1212,None
19.3134,-0.0193,0.1372,-0.0150,-0.0247,0.1489,0.1053,-0.0881,0.1457,0.0677,-0.1027,0.1253,0.0695,-0.1104,0.0900,0.0719,0.1079,-7.499,0.1213,None
19.3267,-0.0196,0.1371,-0.0148,-0.0249,0.1489,0.1052,-0.0884,0.1455,0.0676,-0.1030,0.1251,0.0695,-0.1104,0.0899,0.0719,0.1077,-7.967,0.1212,None
19.3406,-0.0199,0.1371,-0.0146,-0.0252,0.1489,0.1051,-0.0887,0.1452,0.0676,-0.1032,0.1249,0.0695,-0.1105,0.0897,0.0719,0.1075,-7.604,0.1212,None
19.3546,-0.0205,0.1370,-0.0144,-0.0256,0.1490,0.1049,-0.0891,0.1449,0.0675,-0.1034,0.1245,0.0695,-0.1106,0.0894,0.0721,0.1072,-7.517,0.1212,None
19.3687,-0.0212,0.1369,-0.0143,-0.0260,0.1491,0.1046,-0.0896,0.1445,0.0674,-0.1037,0.1241,0.0697,-0.1106,0.0890,0.0724,0.1068,-7.452,0.1211,None
19.3825,-0.0221,0.1367,-0.0141,-0.0264,0.1493,0.1043,-0.0903,0.1439,0.0669,-0.1040,0.1236,0.0699,-0.1107,0.0886,0.0728,0.1061,-7.589,0.1209,None
19.3961,-0.0232,0.1365,-0.0139,-0.0269,0.1494,0.1040,-0.0918,0.1428,0.0637,-0.1043,0.1230,0.0703,-0.1107,0.0880,0.0734,0.1038,-7.626,0.1202,None
19.4103,-0.0244,0.1363,-0.0137,-0.0274,0.1496,0.1037,-0.0932,0.1414,0.0605,-0.1046,0.1223,0.0707,-0.1106,0.0874,0.0741,0.1013,-7.176,0.1194,None
19.4241,-0.0258,0.1360,-0.0134,-0.0288,0.1501,0.1028,-0.0944,0.1401,0.0584,-0.1051,0.1216,0.0703,-0.1105,0.0868,0.0746,0.0994,-7.140,0.1188,None
19.4380,-0.0270,0.1358,-0.0128,-0.0309,0.1508,0.1014,-0.0958,0.1380,0.0542,-0.1061,0.1204,0.0664,-0.1102,0.0864,0.0750,0.0960,-6.949,0.1176,None
19.4521,-0.0279,0.1356,-0.0118,-0.0334,0.1516,0.0996,-0.0966,0.1359,0.0506,-0.1066,0.1192,0.0620,-0.1100,0.0867,0.0726,0.0928,-6.673,0.1164,None
19.4656,-0.0290,0.1353,-0.0104,-0.0365,0.1524,0.0972,-0.0965,0.1350,0.0506,-0.1068,0.1179,0.0577,-0.1098,0.0881,0.0608,0.0910,-6.631,0.1160,None
19.4796,-0.0302,0.1348,-0.0090,-0.0391,0.1529,0.0951,-0.0961,0.1345,0.0516,-0.1065,0.1164,0.0533,-0.1084,0.0882,0.0538,0.0896,-6.287,0.1158,None
19.4936,-0.0312,0.1343,-0.0074,-0.0412,0.1532,0.0932,-0.0956,0.1341,0.0527,-0.1056,0.1145,0.0470,-0.1057,0.0887,0.0474,0.0881,-6.170,0.1156,None
19.5075,-0.0325,0.1336,-0.0057,-0.0430,0.1533,0.0914,-0.0950,0.1335,0.0535,-0.1039,0.1124,0.0426,-0.1021,0.0885,0.0423,0.0861,-6.082,0.1153,None
19.5215,-0.0339,0.1327,-0.0038,-0.0445,0.1533,0.0899,-0.0944,0.1328,0.0539,-0.1024,0.1108,0.0405,-0.0993,0.0879,0.0398,0.0836,-5.874,0.1148,None
19.5347,-0.0348,0.1321,-0.0021,-0.0447,0.1531,0.0897,-0.0937,0.1324,0.0552,-0.1007,0.1093,0.0392,-0.0961,0.0865,0.0374,0.0821,-6.125,0.1146,None
19.5490,-0.0351,0.1320,-0.0011,-0.0451,0.1529,0.0893,-0.0932,0.1321,0.0559,-0.0994,0.1081,0.0380,-0.0929,0.0850,0.0349,0.0815,-5.581,0.1145,None
19.5629,-0.0354,0.1318,-0.0002,-0.0459,0.1528,0.0886,-0.0929,0.1316,0.0560,-0.0983,0.1071,0.0374,-0.0907,0.0839,0.0339,0.0804,-5.721,0.1141,None
19.5767,-0.0353,0.1318,0.0005,-0.0491,0.1527,0.0848,-0.0925,0.1301,0.0515,-0.0971,0.1065,0.0367,-0.0883,0.0830,0.0329,0.0766,-5.696,0.1125,None
19.5908,-0.0345,0.1319,0.0018,-0.0552,0.1510,0.0753,-0.0894,0.1230,0.0375,-0.0933,0.1044,0.0336,-0.0843,0.0818,0.0317,0.0662,-5.365,0.1054,None
19.6045,-0.0337,0.1320,0.0031,-0.0581,0.1489,0.0686,-0.0856,0.1177,0.0301,-0.0896,0.1027,0.0316,-0.0810,0.0809,0.0314,0.0603,-4.749,0.1001,None
19.6186,-0.0326,0.1322,0.0033,-0.0649,0.1379,0.0437,-0.0802,0.1118,0.0228,-0.0838,0.0992,0.0268,-0.0767,0.0798,0.0298,0.0554,-4.299,0.0937,None
19.6326,-0.0319,0.1322,0.0035,-0.0614,0.1230,0.0251,-0.0711,0.1034,0.0170,-0.0743,0.0926,0.0217,-0.0698,0.0768,0.0282,0.0505,-3.916,0.0834,None
19.6463,-0.0336,0.1307,0.0057,-0.0519,0.1103,0.0167,-0.0596,0.0943,0.0147,-0.0638,0.0854,0.0202,-0.0622,0.0728,0.0286,0.0456,-3.408,0.0706,None
19.6599,-0.0368,0.1283,0.0089,-0.0463,0.1052,0.0148,-0.0540,0.0913,0.0154,-0.0588,0.0828,0.0210,-0.0584,0.0712,0.0300,0.0413,-2.946,0.0650,None
19.6741,-0.0402,0.1265,0.0116,-0.0374,0.0990,0.0150,-0.0463,0.0868,0.0171,-0.0500,0.0772,0.0233,-0.0528,0.0680,0.0327,0.0406,-2.617,0.0566,None
19.6873,-0.0467,0.1228,0.0167,-0.0257,0.0932,0.0176,-0.0363,0.0822,0.0202,-0.0401,0.0720,0.0275,-0.0459,0.0643,0.0359,0.0421,-2.662,0.0459,None
19.7016,-0.0506,0.1196,0.0208,-0.0203,0.0918,0.0193,-0.0312,0.0808,0.0223,-0.0355,0.0704,0.0303,-0.0424,0.0621,0.0379,0.0434,-2.744,0.0411,None
19.7149,-0.0539,0.1135,0.0276,-0.0131,0.0899,0.0211,-0.0242,0.0792,0.0248,-0.0289,0.0681,0.0329,-0.0379,0.0597,0.0404,0.0455,-2.941,0.0353,None
19.7295,-0.0535,0.1075,0.0333,-0.0070,0.0881,0.0212,-0.0156,0.0757,0.0258,-0.0223,0.0654,0.0333,-0.0315,0.0562,0.0409,0.0500,-2.778,0.0286,None
19.7429,-0.0514,0.1036,0.0371,-0.0025,0.0869,0.0207,-0.0094,0.0736,0.0265,-0.0174,0.0638,0.0340,-0.0271,0.0545,0.0419,0.0527,-3.436,0.0247,None
19.7568,-0.0485,0.1036,0.0369,0.0005,0.0863,0.0202,-0.0060,0.0727,0.0264,-0.0148,0.0633,0.0337,-0.0247,0.0541,0.0417,0.0536,-3.566,0.0230,None
19.7710,-0.0476,0.1043,0.0357,0.0014,0.0864,0.0198,-0.0054,0.0729,0.0260,-0.0145,0.0636,0.0332,-0.0245,0.0546,0.0410,0.0535,-3.732,0.0230,None
19.7842,-0.0468,0.1049,0.0347,0.0023,0.0865,0.0194,-0.0048,0.0731,0.0256,-0.0141,0.0639,0.0327,-0.0244,0.0551,0.0404,0.0535,-4.012,0.0229,None
19.7985,-0.0488,0.1045,0.0337,-0.0018,0.0909,0.0205,-0.0078,0.0750,0.0254,-0.0163,0.0647,0.0322,-0.0259,0.0551,0.0397,0.0512,-3.853,0.0247,None
19.8126,-0.0519,0.1071,0.0317,-0.0274,0.1235,0.0279,-0.0373,0.1025,0.0234,-0.0464,0.0929,0.0273,-0.0490,0.0787,0.0312,0.0173,-3.829,0.0613,None
19.8260,-0.0472,0.1225,0.0199,-0.0152,0.1588,0.0692,-0.0528,0.1461,0.0631,-0.0667,0.1291,0.0617,-0.0717,0.1068,0.0589,0.0495,-1.699,0.1069,None
19.8401,-0.0414,0.1301,0.0084,0.0000,0.1639,0.0838,-0.0498,0.1537,0.0887,-0.0696,0.1343,0.0842,-0.0817,0.1053,0.0777,0.0841,-4.101,0.1195,None
19.8539,-0.0438,0.1313,-0.0131,0.0060,0.1651,0.0893,-0.0488,0.1513,0.1104,-0.0769,0.1305,0.1005,-0.0971,0.0932,0.0862,0.1252,-7.514,0.1269,None
19.8681,-0.0489,0.1268,-0.0302,-0.0025,0.1658,0.0874,-0.0566,0.1459,0.1162,-0.0908,0.1215,0.1038,-0.1126,0.0808,0.0807,0.1479,-10.056,0.1282,None
19.8824,-0.0514,0.1218,-0.0427,-0.0157,0.1671,0.0828,-0.0702,0.1423,0.1128,-0.1055,0.1143,0.0982,-0.1248,0.0714,0.0708,0.1580,-11.251,0.1283,None
19.8966,-0.0516,0.1193,-0.0495,-0.0263,0.1681,0.0779,-0.0801,0.1412,0.1073,-0.1132,0.1114,0.0932,-0.1315,0.0659,0.0639,0.1609,-11.578,0.1283,None
19.9104,-0.0515,0.1185,-0.0514,-0.0291,0.1686,0.0759,-0.0823,0.1412,0.1055,-0.1139,0.1105,0.0936,-0.1327,0.0647,0.0633,0.1615,-11.719,0.1283,None
19.9240,-0.0514,0.1177,-0.0533,-0.0315,0.1690,0.0740,-0.0841,0.1411,0.1040,-0.1147,0.1098,0.0935,-0.1337,0.0636,0.0628,0.1623,-11.880,0.1283,None
19.9383,-0.0520,0.1177,-0.0528,-0.0304,0.1692,0.0739,-0.0823,0.1415,0.1050,-0.1122,0.1098,0.0965,-0.1327,0.0639,0.0645,0.1624,-11.213,0.1283,None
19.9521,-0.0531,0.1178,-0.0514,-0.0290,0.1699,0.0734,-0.0790,0.1420,0.1069,-0.1092,0.1104,0.0992,-0.1308,0.0646,0.0677,0.1621,-11.557,0.1283,None
19.9656,-0.0551,0.1174,-0.0500,-0.0299,0.1714,0.0707,-0.0758,0.1425,0.1084,-0.1062,0.1110,0.1018,-0.1287,0.0651,0.0712,0.1618,-11.757,0.1283,None
19.9795,-0.0580,0.1165,-0.0481,-0.0310,0.1725,0.0683,-0.0732,0.1430,0.1095,-0.1037,0.1116,0.1038,-0.1270,0.0656,0.0739,0.1605,-11.386,0.1284,None
19.9952,-0.0624,0.1148,-0.0449,-0.0337,0.1722,0.0682,-0.0711,0.1435,0.1103,-0.1015,0.1121,0.1055,-0.1253,0.0661,0.0764,0.1581,-9.914,0.1284,None
20.0079,-0.0671,0.1125,-0.0412,-0.0361,0.1705,0.0710,-0.0721,0.1447,0.1085,-0.1000,0.1125,0.1065,-0.1243,0.0715,0.0731,0.1532,-11.962,0.1283,None
20.0211,-0.0709,0.1107,-0.0377,-0.0377,0.1690,0.0731,-0.0733,0.1458,0.1064,-0.0997,0.1134,0.1058,-0.1227,0.0769,0.0698,0.1483,-11.319,0.1281,None
20.0346,-0.0715,0.1109,-0.0360,-0.0393,0.1674,0.0753,-0.0740,0.1461,0.1053,-0.1046,0.1153,0.0981,-0.1210,0.0805,0.0681,0.1456,-10.692,0.1280,None
20.0488,-0.0720,0.1110,-0.0347,-0.0407,0.1658,0.0775,-0.0762,0.1461,0.1036,-0.1063,0.1155,0.0952,-0.1203,0.0809,0.0688,0.1427,-10.036,0.1278,None
20.0628,-0.0724,0.1112,-0.0334,-0.0421,0.1645,0.0791,-0.0785,0.1461,0.1016,-0.1071,0.1155,0.0937,-0.1198,0.0808,0.0697,0.1396,-9.958,0.1276,None
20.0765,-0.0727,0.1113,-0.0322,-0.0435,0.1629,0.0811,-0.0785,0.1454,0.1024,-0.1067,0.1150,0.0947,-0.1194,0.0804,0.0707,0.1390,-9.954,0.1275,None
20.0907,-0.0729,0.1115,-0.0311,-0.0450,0.1609,0.0835,-0.0783,0.1446,0.1037,-0.1064,0.1144,0.0958,-0.1192,0.0800,0.0716,0.1389,-9.539,0.1275,None
20.1046,-0.0731,0.1118,-0.0299,-0.0465,0.1587,0.0859,-0.0782,0.1436,0.1050,-0.1061,0.1137,0.0970,-0.1189,0.0795,0.0725,0.1387,-9.749,0.1275,None
20.1184,-0.0733,0.1119,-0.0288,-0.0480,0.1566,0.0881,-0.0781,0.1427,0.1063,-0.1059,0.1129,0.0981,-0.1187,0.0789,0.0734,0.1387,-9.804,0.1275,None
20.1324,-0.0735,0.1120,-0.0277,-0.0489,0.1551,0.0897,-0.0782,0.1417,0.1076,-0.1057,0.1121,0.0992,-0.1186,0.0782,0.0743,0.1386,-9.649,0.1275,None
20.1467,-0.0738,0.1121,-0.0267,-0.0493,0.1544,0.0907,-0.0783,0.1407,0.1086,-0.1056,0.1113,0.1002,-0.1184,0.0776,0.0751,0.1384,-9.475,0.1274,None
20.1599,-0.0741,0.1121,-0.0257,-0.0496,0.1537,0.0916,-0.0784,0.1398,0.1097,-0.1054,0.1105,0.1012,-0.1183,0.0769,0.0760,0.1383,-10.251,0.1274,None
20.1740,-0.0743,0.1122,-0.0248,-0.0499,0.1530,0.0925,-0.0794,0.1391,0.1096,-0.1052,0.1099,0.1021,-0.1180,0.0764,0.0768,0.1372,-9.578,0.1273,None
20.1881,-0.0747,0.1121,-0.0238,-0.0517,0.1528,0.0918,-0.0828,0.1389,0.1065,-0.1050,0.1094,0.1027,-0.1178,0.0759,0.0776,0.1333,-9.502,0.1269,None
20.2019,-0.0752,0.1119,-0.0226,-0.0542,0.1526,0.0906,-0.0855,0.1385,0.1039,-0.1052,0.1090,0.1028,-0.1175,0.0755,0.0783,0.1297,-9.429,0.1265,None
20.2156,-0.0760,0.1116,-0.0213,-0.0564,0.1526,0.0889,-0.0881,0.1382,0.1008,-0.1081,0.1094,0.0970,-0.1176,0.0757,0.0764,0.1255,-9.195,0.1260,None
20.2298,-0.0769,0.1112,-0.0199,-0.0596,0.1524,0.0858,-0.0913,0.1376,0.0957,-0.1113,0.1094,0.0872,-0.1178,0.0764,0.0709,0.1194,-8.657,0.1249,None
20.2435,-0.0779,0.1108,-0.0184,-0.0618,0.1519,0.0837,-0.0945,0.1362,0.0893,-0.1125,0.1086,0.0800,-0.1174,0.0768,0.0646,0.1120,-8.443,0.1230,None
20.2575,-0.0788,0.1104,-0.0170,-0.0619,0.1514,0.0838,-0.0951,0.1350,0.0872,-0.1120,0.1078,0.0779,-0.1163,0.0768,0.0605,0.1084,-7.791,0.1218,None
20.2716,-0.0791,0.1103,-0.0156,-0.0610,0.1512,0.0848,-0.0940,0.1347,0.0885,-0.1110,0.1075,0.0773,-0.1150,0.0770,0.0593,0.1079,-7.459,0.1217,None
20.2853,-0.0792,0.1105,-0.0138,-0.0607,0.1510,0.0846,-0.0923,0.1348,0.0899,-0.1100,0.1074,0.0755,-0.1129,0.0779,0.0570,0.1073,-7.631,0.1216,None
20.3002,-0.0816,0.1088,-0.0105,-0.0611,0.1507,0.0837,-0.0906,0.1350,0.0912,-0.1093,0.1071,0.0722,-0.1105,0.0789,0.0543,0.1054,-6.892,0.1214,None
20.3132,-0.0872,0.1039,-0.0036,-0.0648,0.1500,0.0777,-0.0935,0.1336,0.0816,-0.1083,0.1052,0.0593,-0.1051,0.0794,0.0436,0.0905,-7.621,0.1187,None
20.3269,-0.0898,0.1009,0.0024,-0.0678,0.1486,0.0700,-0.0969,0.1281,0.0616,-0.1042,0.1016,0.0438,-0.0978,0.0784,0.0336,0.0655,-6.225,0.1121,None
20.3409,-0.0879,0.1026,0.0097,-0.0678,0.1477,0.0655,-0.0948,0.1243,0.0512,-0.0992,0.0997,0.0365,-0.0919,0.0778,0.0289,0.0474,-4.134,0.1073,None
20.3551,-0.0835,0.1067,0.0132,-0.0671,0.1473,0.0608,-0.0908,0.1175,0.0364,-0.0924,0.0958,0.0262,-0.0857,0.0767,0.0242,0.0267,-3.022,0.1001,None
20.3689,-0.0807,0.1087,0.0145,-0.0648,0.1476,0.0590,-0.0856,0.1118,0.0269,-0.0854,0.0921,0.0195,-0.0813,0.0766,0.0230,0.0137,-1.827,0.0943,None
20.3825,-0.0783,0.1103,0.0155,-0.0622,0.1481,0.0577,-0.0809,0.1089,0.0223,-0.0797,0.0900,0.0163,-0.0775,0.0770,0.0226,0.0074,-0.943,0.0906,None
20.3963,-0.0764,0.1116,0.0156,-0.0605,0.1479,0.0555,-0.0771,0.1068,0.0188,-0.0746,0.0881,0.0138,-0.0737,0.0765,0.0215,0.0058,-0.547,0.0878,None
20.4105,-0.0752,0.1124,0.0157,-0.0596,0.1473,0.0532,-0.0759,0.1075,0.0186,-0.0709,0.0866,0.0127,-0.0704,0.0754,0.0205,0.0057,-0.423,0.0876,None
20.4239,-0.0740,0.1132,0.0157,-0.0587,0.1467,0.0510,-0.0746,0.1080,0.0182,-0.0677,0.0854,0.0121,-0.0675,0.0745,0.0200,0.0058,-0.443,0.0874,None
20.4376,-0.0735,0.1135,0.0157,-0.0582,0.1465,0.0500,-0.0741,0.1084,0.0181,-0.0645,0.0835,0.0115,-0.0644,0.0725,0.0194,0.0057,-0.402,0.0874,None
20.4517,-0.0734,0.1136,0.0151,-0.0582,0.1464,0.0487,-0.0741,0.1085,0.0174,-0.0614,0.0812,0.0108,-0.0609,0.0695,0.0187,0.0056,-0.382,0.0874,None
20.4652,-0.0735,0.1137,0.0143,-0.0585,0.1465,0.0473,-0.0742,0.1086,0.0167,-0.0587,0.0788,0.0102,-0.0563,0.0651,0.0176,0.0056,-0.397,0.0875,None
20.4791,-0.0736,0.1137,0.0136,-0.0587,0.1462,0.0455,-0.0742,0.1087,0.0159,-0.0559,0.0761,0.0093,-0.0518,0.0602,0.0164,0.0055,-0.383,0.0875,None
20.4933,-0.0738,0.1137,0.0128,-0.0590,0.1462,0.0438,-0.0744,0.1088,0.0151,-0.0506,0.0704,0.0068,-0.0458,0.0533,0.0156,0.0055,-0.379,0.0876,None
20.5071,-0.0738,0.1138,0.0118,-0.0591,0.1464,0.0422,-0.0745,0.1089,0.0142,-0.0450,0.0651,0.0054,-0.0412,0.0483,0.0159,0.0055,-0.413,0.0877,None
20.5210,-0.0738,0.1139,0.0108,-0.0591,0.1466,0.0405,-0.0746,0.1091,0.0132,-0.0411,0.0618,0.0050,-0.0386,0.0455,0.0167,0.0055,-0.412,0.0878,None
20.5348,-0.0738,0.1140,0.0099,-0.0590,0.1469,0.0390,-0.0748,0.1093,0.0124,-0.0371,0.0588,0.0055,-0.0364,0.0440,0.0180,0.0054,-0.421,0.0880,None
20.5490,-0.0736,0.1141,0.0092,-0.0586,0.1472,0.0378,-0.0751,0.1093,0.0110,-0.0343,0.0570,0.0060,-0.0351,0.0437,0.0191,0.0054,-0.411,0.0885,None
20.5631,-0.0734,0.1143,0.0085,-0.0582,0.1476,0.0366,-0.0752,0.1085,0.0089,-0.0319,0.0556,0.0067,-0.0340,0.0434,0.0200,0.0060,-0.410,0.0887,None
20.5766,-0.0729,0.1146,0.0080,-0.0574,0.1481,0.0357,-0.0758,0.1098,0.0085,-0.0313,0.0555,0.0066,-0.0333,0.0435,0.0204,0.0056,-0.477,0.0900,None
20.5904,-0.0722,0.1150,0.0074,-0.0563,0.1487,0.0351,-0.0765,0.1125,0.0093,-0.0308,0.0556,0.0065,-0.0329,0.0438,0.0203,0.0054,-0.451,0.0921,None
20.6042,-0.0714,0.1155,0.0069,-0.0551,0.1495,0.0345,-0.0768,0.1148,0.0100,-0.0303,0.0556,0.0064,-0.0325,0.0440,0.0203,0.0062,-0.453,0.0936,None
20.6182,-0.0704,0.1160,0.0069,-0.0535,0.1503,0.0347,-0.0761,0.1160,0.0103,-0.0297,0.0558,0.0065,-0.0320,0.0443,0.0204,0.0066,-0.507,0.0941,None
20.6323,-0.0694,0.1165,0.0073,-0.0516,0.1515,0.0357,-0.0750,0.1166,0.0106,-0.0290,0.0559,0.0067,-0.0314,0.0446,0.0206,0.0065,-0.515,0.0941,None
20.6459,-0.0684,0.1170,0.0077,-0.0495,0.1532,0.0374,-0.0739,0.1172,0.0109,-0.0284,0.0560,0.0070,-0.0308,0.0449,0.0209,0.0064,-0.530,0.0941,None
20.6599,-0.0676,0.1174,0.0078,-0.0482,0.1538,0.0374,-0.0731,0.1173,0.0110,-0.0279,0.0560,0.0072,-0.0303,0.0451,0.0211,0.0064,-0.497,0.0940,None
20.6737,-0.0615,0.1218,0.0037,-0.0464,0.1541,0.0375,-0.0682,0.1046,0.0028,-0.0272,0.0560,0.0077,-0.0295,0.0453,0.0217,0.0184,-1.004,0.0861,None
20.6879,-0.0538,0.1262,-0.0011,-0.0448,0.1535,0.0375,-0.0516,0.0828,-0.0036,-0.0266,0.0560,0.0085,-0.0285,0.0455,0.0226,0.0436,-1.773,0.0675,None
20.7016,-0.0435,0.1313,-0.0014,-0.0454,0.1489,0.0331,-0.0416,0.0741,-0.0029,-0.0260,0.0560,0.0092,-0.0276,0.0455,0.0235,0.0573,-3.529,0.0579,None
20.7154,-0.0393,0.1330,-0.0003,-0.0446,0.1461,0.0335,-0.0283,0.0665,0.0018,-0.0254,0.0558,0.0107,-0.0275,0.0443,0.0255,0.0674,-4.245,0.0448,None
20.7296,-0.0393,0.1330,0.0024,-0.0436,0.1456,0.0365,-0.0237,0.0645,0.0049,-0.0251,0.0553,0.0121,-0.0271,0.0434,0.0272,0.0703,-4.751,0.0402,None
20.7432,-0.0394,0.1329,0.0053,-0.0426,0.1451,0.0395,-0.0217,0.0638,0.0070,-0.0250,0.0548,0.0132,-0.0264,0.0427,0.0287,0.0713,-5.178,0.0382,None
20.7571,-0.0406,0.1324,0.0072,-0.0428,0.1457,0.0430,-0.0217,0.0634,0.0081,-0.0256,0.0543,0.0139,-0.0264,0.0421,0.0296,0.0716,-5.103,0.0378,None
20.7715,-0.0428,0.1317,0.0082,-0.0441,0.1461,0.0456,-0.0226,0.0629,0.0086,-0.0263,0.0536,0.0142,-0.0269,0.0415,0.0299,0.0717,-4.979,0.0378,None
20.7849,-0.0447,0.1310,0.0092,-0.0446,0.1476,0.0493,-0.0233,0.0625,0.0091,-0.0270,0.0530,0.0147,-0.0274,0.0409,0.0303,0.0718,-5.354,0.0377,None
20.7988,-0.0470,0.1302,0.0092,-0.0458,0.1488,0.0516,-0.0243,0.0620,0.0092,-0.0279,0.0524,0.0146,-0.0282,0.0404,0.0302,0.0719,-5.141,0.0377,None
20.8130,-0.0487,0.1297,0.0087,-0.0475,0.1489,0.0517,-0.0251,0.0617,0.0089,-0.0287,0.0520,0.0143,-0.0288,0.0400,0.0300,0.0720,-5.009,0.0377,None
20.8265,-0.0499,0.1293,0.0080,-0.0490,0.1487,0.0511,-0.0258,0.0615,0.0085,-0.0296,0.0516,0.0137,-0.0294,0.0398,0.0296,0.0720,-5.264,0.0378,None
20.8404,-0.0511,0.1290,0.0074,-0.0505,0.1484,0.0505,-0.0264,0.0612,0.0082,-0.0304,0.0512,0.0131,-0.0300,0.0396,0.0293,0.0721,-5.108,0.0379,None
20.8543,-0.0517,0.1288,0.0067,-0.0515,0.1484,0.0498,-0.0271,0.0610,0.0076,-0.0312,0.0510,0.0123,-0.0306,0.0394,0.0287,0.0721,-5.128,0.0383,None
20.8686,-0.0520,0.1287,0.0060,-0.0520,0.1484,0.0490,-0.0279,0.0609,0.0069,-0.0317,0.0508,0.0117,-0.0311,0.0394,0.0281,0.0720,-4.931,0.0391,None
20.8823,-0.0522,0.1287,0.0055,-0.0525,0.1484,0.0484,-0.0287,0.0607,0.0063,-0.0321,0.0507,0.0111,-0.0315,0.0393,0.0275,0.0719,-5.184,0.0398,None
20.8961,-0.0522,0.1287,0.0052,-0.0527,0.1484,0.0478,-0.0290,0.0607,0.0058,-0.0322,0.0506,0.0108,-0.0317,0.0393,0.0272,0.0718,-5.133,0.0402,None
20.9101,-0.0521,0.1287,0.0051,-0.0529,0.1483,0.0475,-0.0292,0.0606,0.0056,-0.0323,0.0504,0.0106,-0.0318,0.0392,0.0271,0.0718,-5.047,0.0404,None
20.9239,-0.0521,0.1287,0.0051,-0.0530,0.1483,0.0472,-0.0293,0.0606,0.0055,-0.0323,0.0503,0.0105,-0.0319,0.0392,0.0269,0.0718,-5.134,0.0405,None
20.9377,-0.0521,0.1287,0.0052,-0.0531,0.1482,0.0470,-0.0294,0.0605,0.0054,-0.0323,0.0502,0.0104,-0.0320,0.0391,0.0268,0.0719,-5.120,0.0407,None
20.9519,-0.0522,0.1286,0.0053,-0.0533,0.1481,0.0470,-0.0295,0.0605,0.0053,-0.0324,0.0500,0.0103,-0.0322,0.0391,0.0267,0.0719,-4.996,0.0408,None
20.9656,-0.0523,0.1286,0.0055,-0.0535,0.1480,0.0470,-0.0297,0.0604,0.0052,-0.0324,0.0499,0.0102,-0.0323,0.0390,0.0266,0.0718,-5.130,0.0409,None
20.9798,-0.0524,0.1285,0.0056,-0.0537,0.1479,0.0469,-0.0298,0.0604,0.0051,-0.0325,0.0498,0.0102,-0.0325,0.0389,0.0265,0.0718,-4.976,0.0410,None
20.9932,-0.0526,0.1283,0.0062,-0.0540,0.1477,0.0470,-0.0300,0.0603,0.0051,-0.0326,0.0496,0.0101,-0.0327,0.0388,0.0264,0.0717,-5.268,0.0412,None
21.0073,-0.0530,0.1280,0.0067,-0.0545,0.1475,0.0469,-0.0303,0.0603,0.0049,-0.0328,0.0495,0.0099,-0.0330,0.0387,0.0261,0.0715,-4.985,0.0414,None
21.0211,-0.0534,0.1277,0.0071,-0.0551,0.1473,0.0468,-0.0307,0.0602,0.0047,-0.0330,0.0494,0.0097,-0.0334,0.0385,0.0258,0.0712,-5.067,0.0417,None
21.0350,-0.0541,0.1274,0.0067,-0.0562,0.1469,0.0464,-0.0346,0.0609,0.0031,-0.0335,0.0492,0.0093,-0.0345,0.0384,0.0247,0.0694,-5.025,0.0452,None
21.0491,-0.0553,0.1269,0.0058,-0.0580,0.1466,0.0456,-0.0543,0.0710,0.0002,-0.0342,0.0491,0.0087,-0.0359,0.0382,0.0232,0.0562,-4.847,0.0629,None
21.0630,-0.0566,0.1263,0.0047,-0.0601,0.1461,0.0447,-0.0652,0.0812,0.0026,-0.0350,0.0489,0.0080,-0.0372,0.0380,0.0218,0.0460,-3.975,0.0725,None
21.0766,-0.0584,0.1255,0.0036,-0.0619,0.1461,0.0446,-0.0783,0.0982,0.0110,-0.0403,0.0508,0.0058,-0.0407,0.0385,0.0188,0.0346,-3.316,0.0863,None
21.0908,-0.0605,0.1245,0.0020,-0.0612,0.1498,0.0487,-0.0851,0.1124,0.0209,-0.0568,0.0622,0.0043,-0.0474,0.0445,0.0133,0.0333,-2.303,0.0959,None
21.1046,-0.0627,0.1233,0.0004,-0.0602,0.1531,0.0529,-0.0881,0.1181,0.0251,-0.0654,0.0689,0.0048,-0.0542,0.0515,0.0108,0.0358,-2.309,0.1000,None
21.1184,-0.0663,0.1212,0.0009,-0.0608,0.1543,0.0540,-0.0899,0.1219,0.0280,-0.0721,0.0750,0.0064,-0.0605,0.0572,0.0110,0.0359,-2.345,0.1026,None
21.1327,-0.0728,0.1165,0.0055,-0.0617,0.1545,0.0539,-0.0908,0.1219,0.0271,-0.0734,0.0756,0.0058,-0.0622,0.0583,0.0107,0.0287,-1.997,0.1027,None
21.1462,-0.0762,0.1137,0.0080,-0.0621,0.1547,0.0528,-0.0911,0.1217,0.0259,-0.0731,0.0750,0.0050,-0.0620,0.0579,0.0102,0.0246,-1.872,0.1024,None
21.1601,-0.0782,0.1121,0.0086,-0.0625,0.1549,0.0517,-0.0913,0.1210,0.0244,-0.0702,0.0704,0.0018,-0.0596,0.0552,0.0085,0.0224,-1.692,0.1020,None
21.1738,-0.0781,0.1123,0.0078,-0.0622,0.1552,0.0508,-0.0912,0.1111,0.0139,-0.0567,0.0581,-0.0006,-0.0504,0.0475,0.0082,0.0144,-1.657,0.0977,None
21.1885,-0.0779,0.1124,0.0079,-0.0620,0.1553,0.0491,-0.0897,0.1047,0.0082,-0.0447,0.0511,0.0021,-0.0408,0.0423,0.0124,0.0142,-0.966,0.0948,None
21.2019,-0.0777,0.1125,0.0081,-0.0628,0.1546,0.0466,-0.0886,0.1011,0.0053,-0.0382,0.0486,0.0049,-0.0354,0.0403,0.0162,0.0161,-1.034,0.0931,None
21.2157,-0.0774,0.1126,0.0081,-0.0627,0.1546,0.0448,-0.0880,0.1006,0.0049,-0.0358,0.0481,0.0061,-0.0337,0.0400,0.0173,0.0164,-1.130,0.0927,None
21.2298,-0.0770,0.1128,0.0077,-0.0617,0.1552,0.0433,-0.0875,0.1009,0.0046,-0.0354,0.0483,0.0061,-0.0333,0.0402,0.0173,0.0161,-1.127,0.0927,None
21.2435,-0.0767,0.1128,0.0075,-0.0606,0.1561,0.0416,-0.0870,0.1013,0.0043,-0.0350,0.0484,0.0059,-0.0328,0.0406,0.0173,0.0158,-1.136,0.0927,None
21.2574,-0.0766,0.1125,0.0069,-0.0598,0.1569,0.0390,-0.0868,0.1015,0.0037,-0.0347,0.0486,0.0055,-0.0324,0.0409,0.0171,0.0153,-1.069,0.0927,None
21.2719,-0.0770,0.1121,0.0064,-0.0594,0.1575,0.0365,-0.0870,0.1014,0.0036,-0.0347,0.0485,0.0053,-0.0322,0.0412,0.0170,0.0150,-0.976,0.0927,None
21.2851,-0.0774,0.1117,0.0059,-0.0591,0.1581,0.0339,-0.0873,0.1013,0.0035,-0.0347,0.0485,0.0051,-0.0319,0.0414,0.0170,0.0146,-1.039,0.0928,None
21.2990,-0.0783,0.1110,0.0064,-0.0593,0.1583,0.0323,-0.0881,0.1006,0.0047,-0.0349,0.0482,0.0054,-0.0316,0.0415,0.0174,0.0143,-0.935,0.0928,None
21.3130,-0.0797,0.1097,0.0072,-0.0595,0.1583,0.0313,-0.0888,0.1000,0.0063,-0.0352,0.0480,0.0059,-0.0313,0.0416,0.0179,0.0133,-0.867,0.0929,None
21.3267,-0.0809,0.1085,0.0083,-0.0595,0.1584,0.0309,-0.0893,0.0995,0.0080,-0.0353,0.0478,0.0064,-0.0310,0.0416,0.0184,0.0123,-0.831,0.0929,None
21.3409,-0.0820,0.1075,0.0095,-0.0596,0.1585,0.0304,-0.0897,0.0990,0.0098,-0.0354,0.0476,0.0070,-0.0308,0.0416,0.0189,0.0114,-0.747,0.0930,None
21.3544,-0.0824,0.1070,0.0104,-0.0592,0.1587,0.0300,-0.0898,0.0989,0.0111,-0.0354,0.0475,0.0074,-0.0304,0.0417,0.0193,0.0110,-0.780,0.0930,None
21.3687,-0.0824,0.1069,0.0108,-0.0588,0.1591,0.0295,-0.0897,0.0990,0.0118,-0.0353,0.0475,0.0076,-0.0301,0.0418,0.0196,0.0108,-0.743,0.0931,None
21.3824,-0.0825,0.1068,0.0112,-0.0584,0.1594,0.0289,-0.0898,0.0994,0.0126,-0.0352,0.0474,0.0078,-0.0299,0.0419,0.0198,0.0104,-0.761,0.0934,None
21.3962,-0.0823,0.1069,0.0114,-0.0576,0.1600,0.0282,-0.0896,0.1000,0.0131,-0.0349,0.0475,0.0079,-0.0295,0.0421,0.0199,0.0101,-0.750,0.0936,None
21.4103,-0.0819,0.1072,0.0115,-0.0564,0.1608,0.0272,-0.0890,0.1005,0.0134,-0.0345,0.0477,0.0080,-0.0291,0.0424,0.0201,0.0100,-0.732,0.0937,None
21.4239,-0.0815,0.1075,0.0115,-0.0552,0.1616,0.0263,-0.0885,0.1010,0.0136,-0.0341,0.0479,0.0080,-0.0286,0.0427,0.0202,0.0098,-0.736,0.0937,None
21.4380,-0.0812,0.1078,0.0114,-0.0539,0.1627,0.0258,-0.0880,0.1014,0.0137,-0.0338,0.0481,0.0081,-0.0282,0.0430,0.0204,0.0096,-0.688,0.0937,None
21.4521,-0.0810,0.1079,0.0114,-0.0530,0.1634,0.0254,-0.0878,0.1017,0.0137,-0.0335,0.0482,0.0081,-0.0279,0.0431,0.0204,0.0095,-0.650,0.0937,None
21.4657,-0.0810,0.1079,0.0113,-0.0526,0.1637,0.0250,-0.0876,0.1018,0.0137,-0.0333,0.0482,0.0081,-0.0277,0.0432,0.0205,0.0093,-0.659,0.0938,None
21.4794,-0.0809,0.1080,0.0112,-0.0521,0.1640,0.0246,-0.0875,0.1020,0.0136,-0.0331,0.0483,0.0081,-0.0275,0.0433,0.0206,0.0092,-0.637,0.0938,None
21.4937,-0.0807,0.1080,0.0116,-0.0516,0.1643,0.0246,-0.0872,0.1022,0.0140,-0.0328,0.0483,0.0083,-0.0273,0.0434,0.0208,0.0091,-0.609,0.0938,None
21.5076,-0.0803,0.1082,0.0124,-0.0507,0.1646,0.0251,-0.0867,0.1024,0.0148,-0.0325,0.0485,0.0086,-0.0269,0.0435,0.0211,0.0089,-0.629,0.0938,None
21.5215,-0.0799,0.1084,0.0132,-0.0499,0.1649,0.0254,-0.0862,0.1027,0.0156,-0.0321,0.0486,0.0090,-0.0265,0.0436,0.0215,0.0088,-0.616,0.0938,None
21.5351,-0.0795,0.1086,0.0141,-0.0490,0.1651,0.0259,-0.0857,0.1030,0.0165,-0.0317,0.0487,0.0094,-0.0261,0.0437,0.0219,0.0087,-0.625,0.0937,None
21.5493,-0.0794,0.1087,0.0144,-0.0486,0.1653,0.0257,-0.0854,0.1031,0.0168,-0.0315,0.0488,0.0095,-0.0258,0.0438,0.0220,0.0086,-0.569,0.0937,None
21.5630,-0.0792,0.1087,0.0147,-0.0482,0.1654,0.0255,-0.0851,0.1031,0.0171,-0.0312,0.0488,0.0097,-0.0255,0.0439,0.0222,0.0085,-0.577,0.0936,None
21.5769,-0.0787,0.1091,0.0151,-0.0473,0.1656,0.0256,-0.0841,0.1023,0.0171,-0.0309,0.0490,0.0099,-0.0251,0.0442,0.0225,0.0089,-0.613,0.0928,None
21.5909,-0.0773,0.1101,0.0157,-0.0475,0.1645,0.0256,-0.0800,0.0965,0.0153,-0.0300,0.0495,0.0107,-0.0236,0.0449,0.0236,0.0139,-0.720,0.0877,None
21.6050,-0.0752,0.1127,0.0120,-0.0516,0.1599,0.0247,-0.0753,0.0910,0.0140,-0.0287,0.0501,0.0116,-0.0230,0.0461,0.0246,0.0218,-1.182,0.0824,None
21.6185,-0.0693,0.1179,0.0054,-0.0568,0.1511,0.0233,-0.0630,0.0811,0.0105,-0.0269,0.0509,0.0125,-0.0219,0.0472,0.0256,0.0377,-2.058,0.0702,None
21.6327,-0.0630,0.1223,0.0030,-0.0586,0.1439,0.0226,-0.0442,0.0691,0.0067,-0.0257,0.0514,0.0134,-0.0208,0.0473,0.0264,0.0565,-2.883,0.0523,None
21.6464,-0.0612,0.1234,0.0045,-0.0569,0.1439,0.0249,-0.0325,0.0655,0.0067,-0.0249,0.0514,0.0143,-0.0203,0.0467,0.0276,0.0646,-4.123,0.0420,None
21.6602,-0.0595,0.1244,0.0058,-0.0550,0.1441,0.0273,-0.0269,0.0647,0.0076,-0.0242,0.0514,0.0152,-0.0200,0.0458,0.0290,0.0681,-4.635,0.0375,None
21.6742,-0.0601,0.1241,0.0077,-0.0555,0.1436,0.0301,-0.0254,0.0643,0.0088,-0.0243,0.0510,0.0162,-0.0203,0.0449,0.0300,0.0692,-4.854,0.0357,None
21.6883,-0.0618,0.1232,0.0095,-0.0571,0.1429,0.0325,-0.0258,0.0638,0.0098,-0.0249,0.0504,0.0170,-0.0211,0.0441,0.0307,0.0695,-4.829,0.0353,None
21.7021,-0.0634,0.1223,0.0112,-0.0572,0.1441,0.0357,-0.0263,0.0633,0.0107,-0.0255,0.0497,0.0177,-0.0217,0.0432,0.0314,0.0697,-4.990,0.0351,None
21.7157,-0.0650,0.1213,0.0128,-0.0584,0.1440,0.0382,-0.0270,0.0628,0.0115,-0.0261,0.0491,0.0184,-0.0224,0.0424,0.0320,0.0698,-5.042,0.0350,None
21.7298,-0.0662,0.1206,0.0140,-0.0599,0.1430,0.0397,-0.0276,0.0624,0.0120,-0.0265,0.0486,0.0189,-0.0229,0.0417,0.0324,0.0699,-4.895,0.0349,None
21.7435,-0.0675,0.1197,0.0152,-0.0614,0.1420,0.0411,-0.0282,0.0619,0.0126,-0.0270,0.0481,0.0194,-0.0234,0.0410,0.0329,0.0699,-5.027,0.0349,None
21.7573,-0.0681,0.1193,0.0160,-0.0624,0.1413,0.0419,-0.0286,0.0617,0.0129,-0.0273,0.0477,0.0197,-0.0238,0.0406,0.0331,0.0699,-4.989,0.0349,None
21.7714,-0.0686,0.1190,0.0161,-0.0632,0.1408,0.0420,-0.0288,0.0615,0.0130,-0.0275,0.0475,0.0198,-0.0241,0.0403,0.0331,0.0700,-4.885,0.0349,None
21.7853,-0.0689,0.1188,0.0160,-0.0639,0.1404,0.0419,-0.0291,0.0614,0.0129,-0.0278,0.0474,0.0198,-0.0245,0.0401,0.0331,0.0699,-4.954,0.0350,None
21.7991,-0.0692,0.1187,0.0159,-0.0645,0.1401,0.0417,-0.0294,0.0613,0.0128,-0.0281,0.0472,0.0197,-0.0248,0.0399,0.0331,0.0699,-5.008,0.0350,None
21.8133,-0.0695,0.1185,0.0157,-0.0652,0.1399,0.0416,-0.0297,0.0611,0.0127,-0.0284,0.0471,0.0196,-0.0253,0.0397,0.0330,0.0699,-4.837,0.0350,None
21.8270,-0.0699,0.1183,0.0155,-0.0660,0.1398,0.0415,-0.0301,0.0610,0.0126,-0.0288,0.0469,0.0195,-0.0258,0.0395,0.0328,0.0699,-5.063,0.0351,None
21.8408,-0.0704,0.1181,0.0152,-0.0667,0.1396,0.0413,-0.0305,0.0609,0.0124,-0.0293,0.0467,0.0194,-0.0264,0.0393,0.0327,0.0698,-4.998,0.0352,None
21.8548,-0.0711,0.1177,0.0145,-0.0679,0.1395,0.0410,-0.0313,0.0607,0.0121,-0.0300,0.0465,0.0191,-0.0278,0.0390,0.0321,0.0696,-4.921,0.0354,None
21.8689,-0.0723,0.1171,0.0127,-0.0678,0.1422,0.0410,-0.0446,0.0614,0.0103,-0.0344,0.0464,0.0173,-0.0346,0.0388,0.0292,0.0622,-4.907,0.0473,None
21.8826,-0.0737,0.1165,0.0105,-0.0670,0.1458,0.0414,-0.0574,0.0675,0.0111,-0.0430,0.0489,0.0159,-0.0400,0.0388,0.0263,0.0516,-4.494,0.0579,None
21.8965,-0.0754,0.1154,0.0090,-0.0658,0.1494,0.0424,-0.0770,0.0831,0.0173,-0.0536,0.0523,0.0145,-0.0475,0.0392,0.0226,0.0334,-3.664,0.0772,None
21.9104,-0.0775,0.1139,0.0081,-0.0645,0.1526,0.0438,-0.0864,0.0955,0.0239,-0.0620,0.0549,0.0137,-0.0539,0.0401,0.0200,0.0259,-2.283,0.0883,None
21.9243,-0.0811,0.1095,0.0130,-0.0646,0.1543,0.0442,-0.0904,0.1013,0.0268,-0.0675,0.0566,0.0130,-0.0575,0.0412,0.0177,0.0185,-1.323,0.0929,None
21.9384,-0.0839,0.1061,0.0161,-0.0644,0.1555,0.0456,-0.0930,0.1033,0.0292,-0.0698,0.0560,0.0130,-0.0591,0.0406,0.0175,0.0162,-0.951,0.0952,None
21.9522,-0.0856,0.1046,0.0168,-0.0646,0.1562,0.0466,-0.0945,0.1020,0.0298,-0.0703,0.0548,0.0134,-0.0593,0.0396,0.0179,0.0160,-1.064,0.0953,None
21.9658,-0.0869,0.1032,0.0173,-0.0662,0.1556,0.0466,-0.0956,0.1005,0.0300,-0.0704,0.0536,0.0137,-0.0592,0.0387,0.0183,0.0156,-1.089,0.0952,None
21.9799,-0.0883,0.1019,0.0178,-0.0677,0.1550,0.0466,-0.0966,0.0990,0.0302,-0.0647,0.0501,0.0134,-0.0542,0.0363,0.0189,0.0152,-1.027,0.0950,None
21.9936,-0.0892,0.1010,0.0178,-0.0689,0.1546,0.0460,-0.0973,0.0973,0.0295,-0.0585,0.0467,0.0127,-0.0496,0.0350,0.0198,0.0147,-1.063,0.0946,None
22.0078,-0.0901,0.1002,0.0177,-0.0701,0.1543,0.0452,-0.0980,0.0946,0.0278,-0.0554,0.0455,0.0127,-0.0473,0.0345,0.0204,0.0141,-0.999,0.0937,None
22.0220,-0.0909,0.0994,0.0175,-0.0713,0.1540,0.0444,-0.0985,0.0919,0.0263,-0.0533,0.0448,0.0129,-0.0460,0.0342,0.0208,0.0138,-0.949,0.0928,None
22.0354,-0.0915,0.0988,0.0170,-0.0722,0.1539,0.0431,-0.0988,0.0900,0.0248,-0.0533,0.0445,0.0126,-0.0459,0.0341,0.0207,0.0138,-1.009,0.0922,None
22.0494,-0.0919,0.0984,0.0169,-0.0727,0.1538,0.0421,-0.0989,0.0888,0.0240,-0.0532,0.0443,0.0125,-0.0458,0.0340,0.0207,0.0138,-0.963,0.0919,None
22.0632,-0.0923,0.0980,0.0168,-0.0732,0.1537,0.0411,-0.0990,0.0879,0.0234,-0.0531,0.0441,0.0124,-0.0456,0.0340,0.0207,0.0139,-0.981,0.0916,None
22.0770,-0.0925,0.0978,0.0166,-0.0745,0.1528,0.0396,-0.0990,0.0872,0.0229,-0.0528,0.0439,0.0123,-0.0453,0.0341,0.0208,0.0139,-1.007,0.0913,None
22.0911,-0.0926,0.0976,0.0166,-0.0764,0.1511,0.0380,-0.0989,0.0869,0.0226,-0.0525,0.0438,0.0124,-0.0450,0.0342,0.0209,0.0139,-0.984,0.0912,None
22.1048,-0.0928,0.0974,0.0165,-0.0770,0.1505,0.0368,-0.0989,0.0866,0.0224,-0.0521,0.0438,0.0124,-0.0446,0.0343,0.0210,0.0138,-1.021,0.0911,None
22.1197,-0.0929,0.0973,0.0165,-0.0773,0.1504,0.0359,-0.0988,0.0861,0.0221,-0.0517,0.0436,0.0124,-0.0429,0.0345,0.0215,0.0139,-0.936,0.0910,None
22.1328,-0.0929,0.0972,0.0164,-0.0771,0.1506,0.0351,-0.0985,0.0857,0.0219,-0.0509,0.0437,0.0125,-0.0406,0.0349,0.0222,0.0139,-1.075,0.0908,None
22.1466,-0.0928,0.0973,0.0164,-0.0766,0.1509,0.0344,-0.0982,0.0856,0.0218,-0.0502,0.0439,0.0126,-0.0391,0.0354,0.0228,0.0139,-1.024,0.0907,None
22.1604,-0.0929,0.0971,0.0165,-0.0761,0.1513,0.0336,-0.0979,0.0856,0.0217,-0.0496,0.0441,0.0127,-0.0380,0.0359,0.0231,0.0135,-0.993,0.0906,None
22.1742,-0.0929,0.0970,0.0162,-0.0756,0.1518,0.0326,-0.0975,0.0856,0.0213,-0.0491,0.0442,0.0126,-0.0376,0.0363,0.0231,0.0133,-0.992,0.0905,None
22.1886,-0.0929,0.0969,0.0157,-0.0750,0.1522,0.0315,-0.0971,0.0858,0.0208,-0.0487,0.0444,0.0124,-0.0372,0.0366,0.0230,0.0129,-0.932,0.0904,None
22.2024,-0.0930,0.0968,0.0152,-0.0744,0.1527,0.0303,-0.0967,0.0860,0.0203,-0.0482,0.0446,0.0122,-0.0368,0.0370,0.0229,0.0125,-0.940,0.0902,None
22.2159,-0.0929,0.0968,0.0149,-0.0737,0.1532,0.0293,-0.0962,0.0863,0.0199,-0.0477,0.0448,0.0121,-0.0364,0.0374,0.0228,0.0121,-0.920,0.0902,None
22.2301,-0.0926,0.0972,0.0143,-0.0729,0.1538,0.0282,-0.0958,0.0869,0.0194,-0.0473,0.0451,0.0118,-0.0360,0.0378,0.0227,0.0120,-0.875,0.0902,None
22.2438,-0.0922,0.0976,0.0137,-0.0721,0.1543,0.0271,-0.0956,0.0881,0.0192,-0.0468,0.0454,0.0115,-0.0357,0.0382,0.0225,0.0115,-0.897,0.0907,None
22.2576,-0.0919,0.0980,0.0131,-0.0714,0.1548,0.0260,-0.0957,0.0895,0.0190,-0.0464,0.0456,0.0112,-0.0353,0.0386,0.0223,0.0110,-0.865,0.0914,None
22.2718,-0.0916,0.0984,0.0125,-0.0708,0.1552,0.0249,-0.0955,0.0905,0.0186,-0.0460,0.0458,0.0109,-0.0350,0.0389,0.0221,0.0107,-0.806,0.0918,None
22.2854,-0.0913,0.0988,0.0120,-0.0702,0.1555,0.0240,-0.0951,0.0910,0.0180,-0.0456,0.0460,0.0106,-0.0348,0.0392,0.0219,0.0106,-0.804,0.0918,None
22.2993,-0.0909,0.0992,0.0115,-0.0696,0.1559,0.0232,-0.0948,0.0915,0.0175,-0.0452,0.0462,0.0104,-0.0345,0.0395,0.0218,0.0105,-0.774,0.0919,None
22.3136,-0.0905,0.0996,0.0111,-0.0688,0.1563,0.0226,-0.0943,0.0920,0.0171,-0.0447,0.0464,0.0102,-0.0342,0.0397,0.0217,0.0104,-0.746,0.0919,None
22.3270,-0.0901,0.1001,0.0107,-0.0680,0.1567,0.0220,-0.0939,0.0925,0.0166,-0.0443,0.0466,0.0100,-0.0339,0.0400,0.0216,0.0103,-0.780,0.0919,None
22.3408,-0.0897,0.1004,0.0105,-0.0674,0.1570,0.0217,-0.0935,0.0930,0.0163,-0.0438,0.0468,0.0098,-0.0336,0.0402,0.0215,0.0102,-0.742,0.0919,None
22.3547,-0.0895,0.1007,0.0103,-0.0668,0.1572,0.0215,-0.0931,0.0933,0.0161,-0.0434,0.0469,0.0097,-0.0333,0.0404,0.0215,0.0101,-0.719,0.0919,None
22.3688,-0.0893,0.1008,0.0103,-0.0664,0.1573,0.0215,-0.0929,0.0935,0.0160,-0.0431,0.0469,0.0097,-0.0331,0.0405,0.0216,0.0099,-0.673,0.0919,None
22.3826,-0.0892,0.1009,0.0103,-0.0661,0.1575,0.0215,-0.0927,0.0937,0.0160,-0.0428,0.0470,0.0097,-0.0329,0.0406,0.0217,0.0098,-0.671,0.0919,None
22.3963,-0.0893,0.1009,0.0100,-0.0659,0.1575,0.0213,-0.0926,0.0937,0.0156,-0.0426,0.0470,0.0096,-0.0328,0.0407,0.0217,0.0097,-0.657,0.0918,None
22.4104,-0.0887,0.1016,0.0100,-0.0653,0.1575,0.0219,-0.0918,0.0935,0.0161,-0.0421,0.0472,0.0100,-0.0324,0.0410,0.0221,0.0107,-0.692,0.0915,None
22.4243,-0.0879,0.1036,0.0066,-0.0646,0.1574,0.0225,-0.0887,0.0894,0.0149,-0.0416,0.0474,0.0105,-0.0315,0.0415,0.0228,0.0164,-0.982,0.0878,None
22.4384,-0.0821,0.1107,-0.0058,-0.0748,0.1396,0.0187,-0.0714,0.0716,0.0079,-0.0398,0.0484,0.0116,-0.0302,0.0426,0.0241,0.0428,-2.062,0.0696,None
22.4523,-0.0720,0.1186,-0.0092,-0.0777,0.1240,0.0152,-0.0494,0.0620,0.0048,-0.0375,0.0494,0.0128,-0.0281,0.0436,0.0256,0.0626,-3.507,0.0501,None
22.4660,-0.0691,0.1207,-0.0079,-0.0757,0.1250,0.0168,-0.0389,0.0616,0.0054,-0.0360,0.0500,0.0136,-0.0270,0.0439,0.0265,0.0676,-4.544,0.0411,None
22.4797,-0.0669,0.1220,-0.0057,-0.0736,0.1260,0.0185,-0.0341,0.0624,0.0063,-0.0347,0.0504,0.0145,-0.0261,0.0441,0.0272,0.0690,-4.869,0.0375,None
22.4937,-0.0673,0.1217,-0.0037,-0.0737,0.1261,0.0199,-0.0322,0.0625,0.0070,-0.0344,0.0502,0.0151,-0.0260,0.0438,0.0277,0.0697,-4.889,0.0355,None
22.5079,-0.0684,0.1211,-0.0028,-0.0739,0.1300,0.0226,-0.0317,0.0624,0.0074,-0.0342,0.0500,0.0156,-0.0262,0.0435,0.0281,0.0700,-4.840,0.0346,None
22.5216,-0.0696,0.1204,-0.0018,-0.0736,0.1342,0.0255,-0.0312,0.0625,0.0078,-0.0340,0.0498,0.0161,-0.0263,0.0432,0.0284,0.0702,-5.082,0.0337,None
22.5355,-0.0707,0.1198,-0.0011,-0.0732,0.1374,0.0277,-0.0313,0.0624,0.0081,-0.0338,0.0496,0.0165,-0.0264,0.0430,0.0287,0.0702,-4.974,0.0334,None
22.5496,-0.0715,0.1193,-0.0006,-0.0737,0.1372,0.0281,-0.0315,0.0623,0.0082,-0.0337,0.0495,0.0167,-0.0265,0.0428,0.0289,0.0702,-4.920,0.0333,None
22.5635,-0.0724,0.1188,-0.0001,-0.0742,0.1369,0.0286,-0.0317,0.0622,0.0083,-0.0337,0.0493,0.0169,-0.0265,0.0427,0.0291,0.0702,-4.969,0.0332,None
22.5771,-0.0728,0.1185,0.0000,-0.0746,0.1367,0.0287,-0.0318,0.0622,0.0083,-0.0337,0.0492,0.0170,-0.0266,0.0426,0.0292,0.0702,-5.093,0.0331,None
22.5913,-0.0729,0.1185,0.0001,-0.0747,0.1366,0.0289,-0.0318,0.0622,0.0083,-0.0335,0.0491,0.0171,-0.0266,0.0425,0.0293,0.0702,-4.883,0.0330,None
22.6049,-0.0730,0.1185,0.0002,-0.0748,0.1364,0.0291,-0.0317,0.0623,0.0084,-0.0334,0.0491,0.0172,-0.0267,0.0424,0.0293,0.0702,-5.073,0.0329,None
22.6190,-0.0729,0.1185,0.0005,-0.0750,0.1354,0.0291,-0.0316,0.0623,0.0085,-0.0332,0.0491,0.0173,-0.0267,0.0422,0.0295,0.0702,-4.884,0.0329,None
22.6329,-0.0727,0.1187,0.0009,-0.0753,0.1338,0.0289,-0.0314,0.0624,0.0087,-0.0330,0.0491,0.0175,-0.0267,0.0421,0.0296,0.0702,-4.973,0.0328,None
22.6469,-0.0726,0.1188,0.0013,-0.0752,0.1333,0.0292,-0.0313,0.0625,0.0089,-0.0328,0.0490,0.0177,-0.0266,0.0420,0.0298,0.0702,-4.957,0.0327,None
22.6605,-0.0724,0.1189,0.0018,-0.0751,0.1332,0.0296,-0.0312,0.0626,0.0091,-0.0326,0.0490,0.0179,-0.0266,0.0418,0.0299,0.0701,-5.080,0.0326,None
22.6742,-0.0723,0.1189,0.0024,-0.0748,0.1334,0.0303,-0.0311,0.0626,0.0093,-0.0324,0.0490,0.0181,-0.0266,0.0416,0.0301,0.0701,-5.033,0.0326,None
22.6885,-0.0724,0.1189,0.0030,-0.0747,0.1335,0.0312,-0.0311,0.0626,0.0096,-0.0323,0.0488,0.0183,-0.0267,0.0414,0.0303,0.0701,-4.830,0.0325,None
22.7024,-0.0725,0.1188,0.0037,-0.0746,0.1338,0.0320,-0.0312,0.0625,0.0099,-0.0323,0.0486,0.0186,-0.0268,0.0411,0.0305,0.0701,-4.966,0.0325,None
22.7159,-0.0726,0.1186,0.0046,-0.0748,0.1337,0.0329,-0.0314,0.0624,0.0103,-0.0324,0.0484,0.0188,-0.0270,0.0407,0.0308,0.0700,-5.123,0.0326,None
22.7300,-0.0729,0.1184,0.0051,-0.0749,0.1342,0.0338,-0.0319,0.0622,0.0105,-0.0327,0.0482,0.0190,-0.0274,0.0404,0.0308,0.0698,-4.898,0.0329,None
22.7438,-0.0733,0.1182,0.0057,-0.0749,0.1348,0.0347,-0.0333,0.0615,0.0106,-0.0331,0.0479,0.0191,-0.0279,0.0400,0.0308,0.0695,-4.980,0.0340,None
22.7577,-0.0739,0.1178,0.0056,-0.0732,0.1391,0.0365,-0.0502,0.0625,0.0116,-0.0352,0.0471,0.0183,-0.0343,0.0388,0.0287,0.0604,-4.953,0.0494,None
22.7717,-0.0752,0.1170,0.0050,-0.0684,0.1477,0.0400,-0.0710,0.0730,0.0168,-0.0485,0.0464,0.0158,-0.0459,0.0382,0.0250,0.0458,-4.248,0.0686,None
22.7853,-0.0766,0.1159,0.0046,-0.0637,0.1539,0.0434,-0.0853,0.0906,0.0263,-0.0708,0.0574,0.0192,-0.0581,0.0403,0.0229,0.0345,-3.259,0.0851,None
22.7993,-0.0790,0.1140,0.0061,-0.0629,0.1559,0.0453,-0.0902,0.0989,0.0307,-0.0805,0.0653,0.0221,-0.0656,0.0440,0.0222,0.0309,-2.225,0.0916,None
22.8133,-0.0832,0.1095,0.0126,-0.0623,0.1575,0.0465,-0.0931,0.1054,0.0342,-0.0881,0.0738,0.0264,-0.0734,0.0505,0.0242,0.0241,-1.550,0.0959,None
22.8272,-0.0861,0.1063,0.0159,-0.0620,0.1586,0.0476,-0.0948,0.1040,0.0341,-0.0894,0.0726,0.0263,-0.0748,0.0504,0.0247,0.0203,-1.421,0.0958,None
22.8409,-0.0886,0.1035,0.0178,-0.0622,0.1592,0.0483,-0.0963,0.1028,0.0341,-0.0905,0.0714,0.0263,-0.0756,0.0495,0.0247,0.0180,-1.282,0.0959,None
22.8551,-0.0900,0.1021,0.0186,-0.0636,0.1587,0.0484,-0.0973,0.1010,0.0345,-0.0893,0.0681,0.0257,-0.0728,0.0465,0.0243,0.0174,-1.200,0.0956,None
22.8691,-0.0910,0.1010,0.0197,-0.0644,0.1585,0.0482,-0.0978,0.0977,0.0339,-0.0705,0.0511,0.0174,-0.0619,0.0411,0.0237,0.0161,-1.177,0.0945,None
22.8827,-0.0918,0.1001,0.0208,-0.0652,0.1582,0.0481,-0.0970,0.0872,0.0289,-0.0575,0.0444,0.0155,-0.0509,0.0357,0.0234,0.0161,-1.104,0.0898,None
22.8967,-0.0919,0.0998,0.0215,-0.0651,0.1584,0.0475,-0.0958,0.0805,0.0258,-0.0486,0.0421,0.0154,-0.0424,0.0334,0.0242,0.0201,-1.101,0.0871,None
22.9106,-0.0917,0.0999,0.0216,-0.0706,0.1540,0.0446,-0.0948,0.0778,0.0242,-0.0451,0.0417,0.0154,-0.0396,0.0333,0.0245,0.0225,-1.453,0.0859,None
22.9246,-0.0914,0.1001,0.0216,-0.0759,0.1487,0.0414,-0.0940,0.0764,0.0234,-0.0434,0.0419,0.0156,-0.0383,0.0336,0.0248,0.0239,-1.603,0.0852,None
22.9383,-0.0911,0.1005,0.0213,-0.0782,0.1459,0.0390,-0.0936,0.0770,0.0233,-0.0430,0.0422,0.0155,-0.0378,0.0340,0.0247,0.0237,-1.756,0.0852,None
22.9524,-0.0908,0.1007,0.0209,-0.0776,0.1464,0.0379,-0.0933,0.0776,0.0231,-0.0427,0.0424,0.0153,-0.0375,0.0344,0.0246,0.0234,-1.693,0.0854,None
22.9659,-0.0920,0.0993,0.0206,-0.0770,0.1469,0.0368,-0.0938,0.0792,0.0235,-0.0425,0.0426,0.0151,-0.0372,0.0347,0.0245,0.0204,-1.614,0.0864,None
22.9800,-0.0933,0.0977,0.0203,-0.0764,0.1474,0.0356,-0.0946,0.0814,0.0242,-0.0422,0.0428,0.0149,-0.0369,0.0351,0.0244,0.0168,-1.327,0.0880,None
22.9937,-0.0936,0.0971,0.0200,-0.0759,0.1479,0.0345,-0.0948,0.0826,0.0243,-0.0420,0.0430,0.0147,-0.0366,0.0354,0.0243,0.0153,-1.186,0.0886,None
23.0079,-0.0935,0.0973,0.0195,-0.0755,0.1484,0.0333,-0.0946,0.0830,0.0239,-0.0418,0.0432,0.0144,-0.0363,0.0358,0.0242,0.0150,-1.081,0.0887,None
23.0218,-0.0934,0.0975,0.0190,-0.0751,0.1489,0.0320,-0.0944,0.0834,0.0235,-0.0416,0.0433,0.0141,-0.0360,0.0362,0.0240,0.0148,-1.095,0.0887,None
23.0354,-0.0935,0.0974,0.0184,-0.0750,0.1492,0.0306,-0.0944,0.0835,0.0230,-0.0415,0.0434,0.0138,-0.0354,0.0366,0.0240,0.0147,-1.089,0.0888,None
23.0497,-0.0937,0.0973,0.0179,-0.0751,0.1494,0.0294,-0.0944,0.0836,0.0225,-0.0414,0.0435,0.0136,-0.0344,0.0369,0.0240,0.0145,-1.022,0.0888,None
23.0635,-0.0939,0.0972,0.0173,-0.0752,0.1496,0.0282,-0.0945,0.0836,0.0220,-0.0414,0.0435,0.0133,-0.0334,0.0374,0.0240,0.0143,-1.043,0.0889,None
23.0769,-0.0942,0.0969,0.0167,-0.0754,0.1497,0.0271,-0.0947,0.0835,0.0215,-0.0414,0.0435,0.0131,-0.0329,0.0377,0.0239,0.0142,-1.060,0.0889,None
23.0913,-0.0945,0.0967,0.0162,-0.0756,0.1498,0.0261,-0.0948,0.0835,0.0211,-0.0414,0.0436,0.0128,-0.0329,0.0379,0.0238,0.0141,-0.987,0.0889,None
23.1049,-0.0948,0.0965,0.0158,-0.0758,0.1499,0.0250,-0.0950,0.0834,0.0207,-0.0414,0.0436,0.0126,-0.0328,0.0381,0.0236,0.0139,-1.024,0.0889,None
23.1187,-0.0950,0.0963,0.0155,-0.0759,0.1500,0.0241,-0.0951,0.0834,0.0204,-0.0413,0.0436,0.0124,-0.0327,0.0384,0.0235,0.0138,-1.007,0.0890,None
23.1329,-0.0951,0.0962,0.0154,-0.0759,0.1502,0.0234,-0.0950,0.0834,0.0203,-0.0412,0.0437,0.0123,-0.0325,0.0387,0.0235,0.0137,-0.967,0.0890,None
23.1464,-0.0951,0.0961,0.0154,-0.0757,0.1504,0.0229,-0.0949,0.0835,0.0204,-0.0410,0.0438,0.0123,-0.0322,0.0390,0.0236,0.0135,-1.005,0.0890,None
23.1606,-0.0951,0.0961,0.0155,-0.0755,0.1507,0.0223,-0.0948,0.0837,0.0205,-0.0408,0.0439,0.0123,-0.0317,0.0394,0.0237,0.0134,-0.952,0.0890,None
23.1746,-0.0952,0.0960,0.0155,-0.0753,0.1508,0.0217,-0.0947,0.0837,0.0205,-0.0407,0.0440,0.0123,-0.0313,0.0398,0.0237,0.0133,-0.943,0.0890,None
23.1885,-0.0952,0.0962,0.0147,-0.0750,0.1511,0.0205,-0.0944,0.0839,0.0202,-0.0405,0.0442,0.0121,-0.0311,0.0402,0.0235,0.0135,-0.974,0.0890,None
23.2023,-0.0952,0.0964,0.0137,-0.0746,0.1515,0.0192,-0.0941,0.0841,0.0198,-0.0402,0.0444,0.0119,-0.0308,0.0406,0.0233,0.0138,-1.008,0.0889,None
23.2160,-0.0944,0.0992,0.0071,-0.0729,0.1522,0.0181,-0.0927,0.0850,0.0200,-0.0394,0.0451,0.0119,-0.0299,0.0415,0.0233,0.0192,-1.403,0.0887,None
23.2300,-0.0916,0.1035,0.0016,-0.0761,0.1425,0.0159,-0.0872,0.0850,0.0186,-0.0375,0.0466,0.0119,-0.0281,0.0438,0.0236,0.0254,-1.835,0.0857,None
23.2438,-0.0863,0.1095,-0.0044,-0.0771,0.1312,0.0131,-0.0797,0.0823,0.0161,-0.0355,0.0482,0.0118,-0.0262,0.0462,0.0237,0.0347,-2.396,0.0801,None
23.2577,-0.0808,0.1144,-0.0071,-0.0747,0.1287,0.0127,-0.0698,0.0768,0.0126,-0.0333,0.0496,0.0120,-0.0240,0.0476,0.0241,0.0439,-2.775,0.0716,None
23.2722,-0.0781,0.1164,-0.0066,-0.0718,0.1304,0.0136,-0.0545,0.0682,0.0079,-0.0311,0.0506,0.0125,-0.0226,0.0481,0.0246,0.0555,-3.053,0.0569,None
23.2855,-0.0754,0.1182,-0.0062,-0.0690,0.1320,0.0145,-0.0460,0.0658,0.0061,-0.0291,0.0515,0.0130,-0.0214,0.0485,0.0252,0.0613,-4.190,0.0500,None
23.2996,-0.0750,0.1186,-0.0052,-0.0673,0.1369,0.0171,-0.0371,0.0644,0.0050,-0.0284,0.0517,0.0136,-0.0213,0.0483,0.0258,0.0669,-4.291,0.0416,None
23.3134,-0.0759,0.1181,-0.0039,-0.0666,0.1410,0.0198,-0.0330,0.0643,0.0052,-0.0280,0.0514,0.0143,-0.0216,0.0478,0.0265,0.0693,-4.762,0.0373,None
23.3272,-0.0772,0.1173,-0.0030,-0.0668,0.1429,0.0216,-0.0324,0.0640,0.0056,-0.0283,0.0510,0.0148,-0.0220,0.0473,0.0270,0.0701,-4.948,0.0360,None
23.3410,-0.0782,0.1166,-0.0022,-0.0651,0.1471,0.0234,-0.0323,0.0637,0.0060,-0.0286,0.0507,0.0152,-0.0224,0.0469,0.0274,0.0705,-5.032,0.0354,None
23.3548,-0.0793,0.1159,-0.0018,-0.0663,0.1466,0.0242,-0.0329,0.0634,0.0063,-0.0290,0.0504,0.0155,-0.0228,0.0466,0.0277,0.0706,-4.998,0.0353,None
23.3690,-0.0804,0.1153,-0.0015,-0.0675,0.1460,0.0248,-0.0334,0.0631,0.0066,-0.0293,0.0501,0.0157,-0.0231,0.0463,0.0280,0.0707,-4.885,0.0353,None
23.3829,-0.0814,0.1146,-0.0011,-0.0689,0.1453,0.0255,-0.0341,0.0627,0.0068,-0.0297,0.0498,0.0160,-0.0235,0.0459,0.0282,0.0707,-5.004,0.0354,None
23.3967,-0.0826,0.1138,-0.0004,-0.0702,0.1444,0.0265,-0.0348,0.0622,0.0073,-0.0301,0.0494,0.0163,-0.0238,0.0455,0.0285,0.0708,-5.025,0.0354,None
23.4107,-0.0836,0.1131,0.0006,-0.0715,0.1434,0.0277,-0.0354,0.0618,0.0078,-0.0305,0.0490,0.0168,-0.0241,0.0451,0.0290,0.0708,-4.971,0.0355,None
23.4244,-0.0848,0.1123,0.0017,-0.0732,0.1417,0.0290,-0.0361,0.0612,0.0084,-0.0308,0.0485,0.0174,-0.0244,0.0446,0.0294,0.0709,-5.057,0.0356,None
23.4384,-0.0858,0.1116,0.0031,-0.0750,0.1393,0.0304,-0.0367,0.0607,0.0092,-0.0312,0.0480,0.0180,-0.0246,0.0441,0.0300,0.0709,-4.993,0.0357,None
23.4524,-0.0867,0.1109,0.0044,-0.0763,0.1378,0.0320,-0.0372,0.0602,0.0099,-0.0315,0.0475,0.0186,-0.0248,0.0436,0.0306,0.0710,-4.955,0.0357,None
23.4662,-0.0875,0.1103,0.0055,-0.0772,0.1369,0.0334,-0.0377,0.0598,0.0105,-0.0317,0.0471,0.0192,-0.0250,0.0431,0.0310,0.0710,-5.091,0.0357,None
23.4802,-0.0882,0.1097,0.0067,-0.0781,0.1360,0.0348,-0.0381,0.0595,0.0112,-0.0320,0.0467,0.0197,-0.0252,0.0426,0.0315,0.0711,-4.974,0.0357,None
23.4939,-0.0888,0.1092,0.0075,-0.0789,0.1352,0.0359,-0.0385,0.0591,0.0116,-0.0323,0.0464,0.0201,-0.0255,0.0422,0.0319,0.0711,-5.117,0.0357,None
23.5080,-0.0893,0.1088,0.0082,-0.0796,0.1346,0.0368,-0.0390,0.0588,0.0120,-0.0326,0.0460,0.0204,-0.0258,0.0418,0.0321,0.0710,-4.954,0.0359,None
23.5217,-0.0897,0.1084,0.0088,-0.0803,0.1340,0.0376,-0.0395,0.0585,0.0124,-0.0330,0.0458,0.0207,-0.0261,0.0415,0.0324,0.0709,-5.111,0.0361,None
23.5355,-0.0900,0.1081,0.0093,-0.0809,0.1335,0.0380,-0.0425,0.0574,0.0131,-0.0335,0.0455,0.0209,-0.0264,0.0412,0.0325,0.0696,-5.080,0.0388,None
23.5496,-0.0903,0.1079,0.0094,-0.0814,0.1333,0.0380,-0.0518,0.0558,0.0152,-0.0359,0.0449,0.0210,-0.0286,0.0407,0.0324,0.0650,-4.914,0.0479,None
23.5633,-0.0905,0.1077,0.0094,-0.0819,0.1331,0.0380,-0.0580,0.0558,0.0170,-0.0413,0.0438,0.0214,-0.0319,0.0400,0.0321,0.0618,-4.692,0.0537,None
23.5771,-0.0910,0.1074,0.0091,-0.0822,0.1339,0.0378,-0.0672,0.0613,0.0214,-0.0505,0.0465,0.0238,-0.0378,0.0393,0.0317,0.0533,-4.433,0.0619,None
23.5914,-0.0915,0.1069,0.0087,-0.0777,0.1428,0.0384,-0.0741,0.0669,0.0247,-0.0556,0.0484,0.0249,-0.0423,0.0396,0.0315,0.0465,-3.713,0.0683,None
23.6050,-0.0920,0.1064,0.0082,-0.0745,0.1482,0.0385,-0.0784,0.0710,0.0266,-0.0591,0.0497,0.0254,-0.0459,0.0403,0.0314,0.0421,-3.386,0.0724,None
23.6187,-0.0933,0.1046,0.0121,-0.0716,0.1527,0.0392,-0.0849,0.0773,0.0302,-0.0612,0.0501,0.0253,-0.0478,0.0397,0.0308,0.0338,-2.847,0.0792,None
23.6330,-0.0947,0.1023,0.0158,-0.0698,0.1557,0.0402,-0.0899,0.0820,0.0330,-0.0622,0.0492,0.0248,-0.0488,0.0389,0.0304,0.0271,-2.125,0.0842,None
23.6467,-0.0961,0.1008,0.0165,-0.0705,0.1560,0.0413,-0.0939,0.0851,0.0355,-0.0630,0.0482,0.0245,-0.0496,0.0380,0.0301,0.0248,-1.864,0.0882,None
23.6606,-0.0976,0.0992,0.0170,-0.0717,0.1558,0.0423,-0.0971,0.0869,0.0374,-0.0638,0.0471,0.0242,-0.0503,0.0370,0.0298,0.0238,-1.695,0.0910,None
23.6744,-0.0988,0.0977,0.0178,-0.0735,0.1547,0.0432,-0.0988,0.0869,0.0384,-0.0642,0.0462,0.0242,-0.0507,0.0361,0.0297,0.0234,-1.625,0.0921,None
23.6889,-0.0996,0.0967,0.0186,-0.0747,0.1539,0.0438,-0.0995,0.0860,0.0389,-0.0643,0.0454,0.0243,-0.0499,0.0348,0.0294,0.0229,-1.522,0.0922,None
23.7021,-0.1004,0.0956,0.0195,-0.0759,0.1532,0.0444,-0.1002,0.0853,0.0394,-0.0643,0.0447,0.0244,-0.0479,0.0328,0.0287,0.0225,-1.638,0.0923,None
23.7160,-0.1007,0.0951,0.0203,-0.0763,0.1529,0.0444,-0.1003,0.0850,0.0399,-0.0624,0.0428,0.0236,-0.0464,0.0319,0.0284,0.0220,-1.544,0.0923,None
23.7301,-0.1005,0.0949,0.0209,-0.0763,0.1529,0.0439,-0.1001,0.0850,0.0400,-0.0582,0.0404,0.0219,-0.0459,0.0321,0.0284,0.0215,-1.502,0.0923,None
23.7438,-0.1001,0.0945,0.0226,-0.0764,0.1528,0.0433,-0.1000,0.0850,0.0401,-0.0541,0.0388,0.0206,-0.0453,0.0322,0.0285,0.0199,-1.443,0.0923,None
23.7576,-0.0993,0.0941,0.0242,-0.0764,0.1529,0.0426,-0.0997,0.0828,0.0388,-0.0523,0.0385,0.0201,-0.0436,0.0325,0.0284,0.0184,-1.325,0.0915,None
23.7719,-0.0987,0.0939,0.0252,-0.0765,0.1526,0.0418,-0.0993,0.0802,0.0371,-0.0520,0.0387,0.0199,-0.0426,0.0328,0.0282,0.0181,-1.227,0.0904,None
23.7856,-0.0984,0.0938,0.0257,-0.0766,0.1523,0.0414,-0.0989,0.0783,0.0360,-0.0517,0.0388,0.0198,-0.0423,0.0329,0.0281,0.0186,-1.298,0.0897,None
23.7993,-0.0981,0.0938,0.0259,-0.0770,0.1517,0.0409,-0.0985,0.0769,0.0351,-0.0514,0.0389,0.0197,-0.0420,0.0331,0.0281,0.0192,-1.347,0.0891,None
23.8135,-0.0980,0.0938,0.0260,-0.0770,0.1516,0.0406,-0.0982,0.0764,0.0346,-0.0511,0.0390,0.0196,-0.0418,0.0332,0.0280,0.0194,-1.362,0.0888,None
23.8274,-0.0979,0.0938,0.0260,-0.0770,0.1515,0.0403,-0.0981,0.0762,0.0344,-0.0509,0.0390,0.0195,-0.0415,0.0333,0.0279,0.0194,-1.402,0.0887,None
23.8410,-0.0979,0.0937,0.0261,-0.0770,0.1515,0.0400,-0.0979,0.0758,0.0340,-0.0507,0.0390,0.0194,-0.0413,0.0334,0.0279,0.0196,-1.438,0.0885,None
23.8551,-0.0978,0.0936,0.0261,-0.0773,0.1511,0.0396,-0.0977,0.0755,0.0337,-0.0506,0.0391,0.0193,-0.0411,0.0336,0.0278,0.0196,-1.405,0.0884,None
23.8692,-0.0978,0.0936,0.0261,-0.0781,0.1501,0.0391,-0.0976,0.0756,0.0336,-0.0504,0.0392,0.0192,-0.0409,0.0337,0.0278,0.0194,-1.397,0.0884,None
23.8827,-0.0977,0.0936,0.0261,-0.0788,0.1492,0.0384,-0.0974,0.0756,0.0333,-0.0502,0.0393,0.0191,-0.0407,0.0339,0.0277,0.0194,-1.450,0.0883,None
23.8969,-0.0976,0.0936,0.0258,-0.0790,0.1490,0.0375,-0.0972,0.0759,0.0330,-0.0500,0.0394,0.0190,-0.0404,0.0342,0.0276,0.0192,-1.387,0.0883,None
23.9107,-0.0975,0.0938,0.0255,-0.0788,0.1492,0.0364,-0.0970,0.0762,0.0326,-0.0498,0.0397,0.0188,-0.0401,0.0346,0.0274,0.0190,-1.403,0.0883,None
23.9247,-0.0974,0.0940,0.0250,-0.0786,0.1495,0.0352,-0.0967,0.0766,0.0322,-0.0496,0.0399,0.0185,-0.0398,0.0350,0.0272,0.0188,-1.373,0.0883,None
23.9383,-0.0971,0.0944,0.0245,-0.0780,0.1500,0.0339,-0.0963,0.0772,0.0316,-0.0493,0.0403,0.0183,-0.0394,0.0354,0.0269,0.0187,-1.406,0.0883,None
23.9525,-0.0967,0.0949,0.0239,-0.0774,0.1506,0.0324,-0.0959,0.0779,0.0310,-0.0489,0.0407,0.0179,-0.0390,0.0360,0.0266,0.0185,-1.341,0.0883,None
23.9660,-0.0962,0.0955,0.0232,-0.0766,0.1511,0.0310,-0.0954,0.0787,0.0304,-0.0484,0.0412,0.0176,-0.0383,0.0366,0.0263,0.0183,-1.388,0.0883,None
23.9803,-0.0957,0.0961,0.0226,-0.0758,0.1517,0.0295,-0.0948,0.0794,0.0297,-0.0480,0.0416,0.0172,-0.0371,0.0373,0.0260,0.0182,-1.302,0.0883,None
23.9940,-0.0953,0.0967,0.0215,-0.0752,0.1522,0.0276,-0.0943,0.0801,0.0287,-0.0475,0.0421,0.0167,-0.0359,0.0381,0.0257,0.0181,-1.356,0.0882,None
24.0078,-0.0940,0.0984,0.0199,-0.0737,0.1526,0.0251,-0.0927,0.0813,0.0280,-0.0466,0.0430,0.0164,-0.0339,0.0394,0.0254,0.0190,-1.401,0.0878,None
24.0219,-0.0927,0.1004,0.0173,-0.0730,0.1513,0.0224,-0.0900,0.0813,0.0264,-0.0451,0.0442,0.0161,-0.0321,0.0407,0.0251,0.0213,-1.485,0.0860,None
24.0354,-0.0897,0.1053,0.0093,-0.0755,0.1380,0.0175,-0.0805,0.0773,0.0210,-0.0422,0.0465,0.0152,-0.0296,0.0429,0.0244,0.0317,-2.092,0.0780,None
24.0497,-0.0834,0.1120,0.0014,-0.0722,0.1326,0.0129,-0.0685,0.0729,0.0148,-0.0393,0.0485,0.0140,-0.0277,0.0447,0.0233,0.0440,-2.709,0.0676,None
24.0633,-0.0749,0.1188,-0.0068,-0.0679,0.1310,0.0089,-0.0609,0.0727,0.0112,-0.0364,0.0502,0.0127,-0.0258,0.0463,0.0223,0.0515,-3.667,0.0624,None
24.0771,-0.0709,0.1213,-0.0088,-0.0652,0.1319,0.0072,-0.0541,0.0713,0.0083,-0.0344,0.0511,0.0119,-0.0248,0.0471,0.0217,0.0554,-3.804,0.0567,None
24.0913,-0.0700,0.1218,-0.0087,-0.0645,0.1325,0.0068,-0.0477,0.0694,0.0059,-0.0336,0.0512,0.0115,-0.0246,0.0471,0.0216,0.0588,-3.862,0.0503,None
24.1053,-0.0706,0.1215,-0.0078,-0.0650,0.1326,0.0079,-0.0442,0.0682,0.0053,-0.0336,0.0509,0.0118,-0.0248,0.0468,0.0220,0.0609,-4.154,0.0465,None
24.1189,-0.0711,0.1213,-0.0071,-0.0653,0.1329,0.0088,-0.0420,0.0677,0.0051,-0.0336,0.0507,0.0121,-0.0249,0.0465,0.0223,0.0622,-4.419,0.0440,None
24.1329,-0.0722,0.1206,-0.0062,-0.0659,0.1366,0.0105,-0.0412,0.0670,0.0052,-0.0337,0.0503,0.0124,-0.0251,0.0461,0.0227,0.0630,-4.350,0.0427,None
24.1467,-0.0734,0.1200,-0.0057,-0.0667,0.1380,0.0114,-0.0415,0.0665,0.0053,-0.0338,0.0500,0.0126,-0.0253,0.0459,0.0229,0.0632,-4.496,0.0425,None
24.1605,-0.0744,0.1194,-0.0053,-0.0675,0.1386,0.0120,-0.0416,0.0661,0.0054,-0.0336,0.0498,0.0128,-0.0255,0.0456,0.0231,0.0635,-4.515,0.0422,None
24.1744,-0.0753,0.1189,-0.0052,-0.0685,0.1381,0.0122,-0.0418,0.0657,0.0054,-0.0334,0.0497,0.0128,-0.0256,0.0454,0.0232,0.0637,-4.484,0.0419,None
24.1886,-0.0761,0.1184,-0.0051,-0.0693,0.1376,0.0122,-0.0419,0.0654,0.0052,-0.0333,0.0496,0.0128,-0.0257,0.0453,0.0233,0.0639,-4.391,0.0417,None
24.2023,-0.0767,0.1180,-0.0051,-0.0702,0.1370,0.0122,-0.0420,0.0651,0.0051,-0.0333,0.0495,0.0128,-0.0257,0.0452,0.0234,0.0641,-4.605,0.0414,None
24.2161,-0.0772,0.1178,-0.0049,-0.0706,0.1366,0.0124,-0.0419,0.0649,0.0050,-0.0332,0.0493,0.0128,-0.0256,0.0451,0.0235,0.0643,-4.578,0.0410,None
24.2302,-0.0774,0.1177,-0.0047,-0.0709,0.1363,0.0125,-0.0416,0.0648,0.0050,-0.0331,0.0493,0.0128,-0.0256,0.0450,0.0236,0.0645,-4.479,0.0406,None
24.2439,-0.0776,0.1176,-0.0045,-0.0712,0.1361,0.0126,-0.0412,0.0648,0.0048,-0.0330,0.0492,0.0129,-0.0256,0.0449,0.0237,0.0647,-4.607,0.0402,None
24.2577,-0.0777,0.1175,-0.0044,-0.0713,0.1359,0.0127,-0.0409,0.0649,0.0047,-0.0329,0.0492,0.0129,-0.0257,0.0448,0.0238,0.0649,-4.614,0.0397,None
24.2719,-0.0776,0.1175,-0.0043,-0.0715,0.1358,0.0127,-0.0404,0.0649,0.0045,-0.0328,0.0492,0.0128,-0.0257,0.0447,0.0238,0.0651,-4.503,0.0392,None
24.2856,-0.0776,0.1175,-0.0043,-0.0716,0.1357,0.0126,-0.0398,0.0648,0.0042,-0.0327,0.0492,0.0127,-0.0258,0.0447,0.0238,0.0654,-4.656,0.0385,None
24.2994,-0.0776,0.1176,-0.0044,-0.0717,0.1356,0.0126,-0.0391,0.0649,0.0039,-0.0325,0.0492,0.0126,-0.0258,0.0446,0.0239,0.0658,-4.673,0.0378,None
24.3135,-0.0776,0.1176,-0.0045,-0.0718,0.1355,0.0125,-0.0388,0.0648,0.0037,-0.0324,0.0492,0.0126,-0.0259,0.0445,0.0239,0.0659,-4.577,0.0374,None
24.3273,-0.0776,0.1175,-0.0046,-0.0719,0.1354,0.0124,-0.0387,0.0648,0.0036,-0.0323,0.0491,0.0125,-0.0259,0.0444,0.0239,0.0660,-4.720,0.0372,None
24.3409,-0.0776,0.1175,-0.0046,-0.0721,0.1353,0.0124,-0.0385,0.0648,0.0035,-0.0322,0.0491,0.0125,-0.0260,0.0443,0.0239,0.0661,-4.775,0.0370,None
24.3549,-0.0777,0.1175,-0.0046,-0.0723,0.1352,0.0124,-0.0384,0.0648,0.0034,-0.0321,0.0491,0.0124,-0.0260,0.0442,0.0240,0.0662,-4.656,0.0368,None
24.3691,-0.0777,0.1175,-0.0046,-0.0725,0.1350,0.0125,-0.0383,0.0647,0.0033,-0.0320,0.0491,0.0124,-0.0260,0.0441,0.0241,0.0663,-4.605,0.0366,None
24.3828,-0.0778,0.1174,-0.0045,-0.0727,0.1349,0.0126,-0.0382,0.0647,0.0033,-0.0319,0.0491,0.0125,-0.0260,0.0440,0.0241,0.0664,-4.755,0.0364,None
24.3966,-0.0779,0.1174,-0.0044,-0.0729,0.1347,0.0128,-0.0381,0.0647,0.0032,-0.0318,0.0491,0.0125,-0.0260,0.0440,0.0242,0.0665,-4.767,0.0362,None
24.4107,-0.0780,0.1174,-0.0042,-0.0731,0.1346,0.0129,-0.0380,0.0647,0.0032,-0.0318,0.0491,0.0125,-0.0261,0.0439,0.0243,0.0666,-4.638,0.0360,None
24.4244,-0.0780,0.1173,-0.0041,-0.0732,0.1344,0.0131,-0.0379,0.0646,0.0032,-0.0317,0.0490,0.0126,-0.0261,0.0438,0.0244,0.0666,-4.788,0.0358,None
24.4384,-0.0781,0.1173,-0.0040,-0.0734,0.1343,0.0132,-0.0378,0.0646,0.0031,-0.0316,0.0490,0.0126,-0.0261,0.0438,0.0245,0.0667,-4.672,0.0356,None
24.4525,-0.0781,0.1173,-0.0040,-0.0736,0.1342,0.0132,-0.0377,0.0646,0.0030,-0.0315,0.0490,0.0126,-0.0261,0.0437,0.0246,0.0668,-4.666,0.0354,None
24.4662,-0.0782,0.1173,-0.0040,-0.0738,0.1341,0.0133,-0.0376,0.0646,0.0029,-0.0315,0.0490,0.0126,-0.0262,0.0437,0.0247,0.0669,-4.818,0.0352,None
24.4801,-0.0782,0.1172,-0.0041,-0.0740,0.1341,0.0133,-0.0375,0.0645,0.0029,-0.0315,0.0490,0.0126,-0.0262,0.0436,0.0247,0.0670,-4.728,0.0351,None
24.4941,-0.0783,0.1172,-0.0040,-0.0741,0.1341,0.0134,-0.0374,0.0645,0.0028,-0.0314,0.0489,0.0126,-0.0263,0.0436,0.0248,0.0670,-4.734,0.0349,None
24.5081,-0.0783,0.1172,-0.0040,-0.0742,0.1341,0.0135,-0.0373,0.0644,0.0028,-0.0314,0.0489,0.0126,-0.0263,0.0435,0.0249,0.0671,-4.704,0.0347,None
24.5220,-0.0783,0.1172,-0.0039,-0.0743,0.1342,0.0137,-0.0372,0.0644,0.0027,-0.0313,0.0489,0.0126,-0.0263,0.0435,0.0250,0.0672,-4.754,0.0346,None
24.5355,-0.0783,0.1172,-0.0038,-0.0744,0.1342,0.0139,-0.0371,0.0644,0.0027,-0.0312,0.0489,0.0127,-0.0263,0.0434,0.0251,0.0673,-4.917,0.0344,None
24.5498,-0.0783,0.1172,-0.0036,-0.0744,0.1343,0.0141,-0.0370,0.0644,0.0028,-0.0311,0.0489,0.0128,-0.0263,0.0434,0.0252,0.0674,-4.632,0.0343,None
24.5634,-0.0782,0.1173,-0.0034,-0.0744,0.1344,0.0144,-0.0368,0.0644,0.0028,-0.0310,0.0489,0.0128,-0.0263,0.0433,0.0253,0.0674,-4.885,0.0341,None
24.5774,-0.0782,0.1173,-0.0033,-0.0744,0.1344,0.0146,-0.0367,0.0644,0.0028,-0.0310,0.0489,0.0129,-0.0262,0.0433,0.0254,0.0675,-4.772,0.0340,None
24.5913,-0.0781,0.1173,-0.0031,-0.0744,0.1345,0.0148,-0.0366,0.0644,0.0028,-0.0309,0.0489,0.0129,-0.0262,0.0432,0.0255,0.0676,-4.778,0.0338,None
24.6050,-0.0781,0.1174,-0.0030,-0.0744,0.1345,0.0149,-0.0364,0.0644,0.0028,-0.0308,0.0490,0.0130,-0.0262,0.0432,0.0256,0.0676,-4.889,0.0337,None
24.6188,-0.0781,0.1174,-0.0029,-0.0745,0.1345,0.0151,-0.0363,0.0644,0.0027,-0.0307,0.0490,0.0130,-0.0262,0.0432,0.0257,0.0677,-4.829,0.0336,None
24.6331,-0.0781,0.1174,-0.0028,-0.0745,0.1345,0.0152,-0.0362,0.0644,0.0027,-0.0306,0.0490,0.0130,-0.0262,0.0432,0.0257,0.0677,-4.678,0.0334,None
24.6467,-0.0781,0.1174,-0.0027,-0.0746,0.1345,0.0153,-0.0361,0.0644,0.0027,-0.0306,0.0490,0.0131,-0.0261,0.0432,0.0258,0.0678,-4.899,0.0333,None
24.6605,-0.0780,0.1174,-0.0027,-0.0746,0.1345,0.0154,-0.0361,0.0645,0.0027,-0.0305,0.0490,0.0131,-0.0261,0.0432,0.0259,0.0678,-4.834,0.0332,None
24.6744,-0.0780,0.1174,-0.0025,-0.0747,0.1344,0.0156,-0.0360,0.0645,0.0027,-0.0305,0.0490,0.0132,-0.0261,0.0432,0.0259,0.0678,-4.835,0.0331,None
24.6886,-0.0780,0.1174,-0.0024,-0.0748,0.1344,0.0157,-0.0359,0.0645,0.0027,-0.0304,0.0490,0.0132,-0.0261,0.0431,0.0260,0.0679,-4.692,0.0330,None
24.7023,-0.0780,0.1174,-0.0023,-0.0749,0.1343,0.0159,-0.0359,0.0645,0.0028,-0.0304,0.0490,0.0133,-0.0261,0.0431,0.0261,0.0679,-4.879,0.0329,None
24.7160,-0.0780,0.1174,-0.0022,-0.0750,0.1342,0.0160,-0.0358,0.0645,0.0028,-0.0303,0.0490,0.0133,-0.0261,0.0431,0.0262,0.0679,-4.902,0.0328,None
24.7305,-0.0780,0.1174,-0.0020,-0.0751,0.1341,0.0161,-0.0358,0.0645,0.0028,-0.0303,0.0490,0.0134,-0.0261,0.0431,0.0263,0.0680,-4.612,0.0327,None
24.7438,-0.0780,0.1174,-0.0019,-0.0753,0.1339,0.0163,-0.0357,0.0645,0.0028,-0.0303,0.0491,0.0135,-0.0261,0.0430,0.0264,0.0680,-5.060,0.0326,None
24.7576,-0.0781,0.1174,-0.0017,-0.0754,0.1338,0.0164,-0.0357,0.0644,0.0029,-0.0303,0.0490,0.0135,-0.0261,0.0430,0.0265,0.0680,-4.855,0.0326,None
24.7719,-0.0781,0.1174,-0.0016,-0.0756,0.1336,0.0166,-0.0357,0.0644,0.0029,-0.0303,0.0490,0.0136,-0.0261,0.0430,0.0266,0.0680,-4.681,0.0325,None
24.7855,-0.0782,0.1173,-0.0013,-0.0758,0.1334,0.0168,-0.0358,0.0643,0.0030,-0.0303,0.0490,0.0137,-0.0261,0.0430,0.0266,0.0680,-4.941,0.0325,None
24.7992,-0.0783,0.1172,-0.0011,-0.0760,0.1333,0.0170,-0.0359,0.0642,0.0031,-0.0303,0.0489,0.0138,-0.0261,0.0429,0.0267,0.0680,-4.876,0.0325,None
24.8134,-0.0787,0.1170,-0.0008,-0.0762,0.1334,0.0173,-0.0363,0.0641,0.0033,-0.0306,0.0488,0.0139,-0.0263,0.0429,0.0268,0.0679,-4.737,0.0327,None
24.8272,-0.0796,0.1163,-0.0008,-0.0764,0.1373,0.0184,-0.0392,0.0632,0.0038,-0.0313,0.0486,0.0139,-0.0268,0.0427,0.0268,0.0670,-4.865,0.0351,None
24.8412,-0.0808,0.1155,-0.0009,-0.0728,0.1472,0.0197,-0.0458,0.0613,0.0050,-0.0324,0.0479,0.0139,-0.0276,0.0424,0.0267,0.0648,-4.756,0.0412,None
24.8552,-0.0827,0.1141,-0.0006,-0.0661,0.1583,0.0203,-0.0566,0.0631,0.0081,-0.0358,0.0473,0.0141,-0.0298,0.0410,0.0262,0.0580,-4.565,0.0506,None
24.8690,-0.0867,0.1109,0.0009,-0.0597,0.1658,0.0208,-0.0776,0.0761,0.0172,-0.0403,0.0479,0.0149,-0.0323,0.0395,0.0257,0.0395,-4.076,0.0712,None
24.8829,-0.0919,0.1061,0.0027,-0.0576,0.1688,0.0215,-0.0858,0.0847,0.0220,-0.0443,0.0482,0.0156,-0.0346,0.0382,0.0251,0.0294,-2.592,0.0800,None
24.8966,-0.0965,0.1011,0.0045,-0.0559,0.1705,0.0228,-0.0932,0.0973,0.0280,-0.0465,0.0482,0.0158,-0.0374,0.0374,0.0237,0.0240,-1.909,0.0904,None
24.9109,-0.0987,0.0984,0.0055,-0.0547,0.1715,0.0243,-0.0958,0.1053,0.0318,-0.0480,0.0480,0.0160,-0.0414,0.0368,0.0224,0.0273,-1.618,0.0957,None
24.9246,-0.1003,0.0964,0.0067,-0.0546,0.1717,0.0259,-0.0973,0.1088,0.0339,-0.0494,0.0478,0.0161,-0.0447,0.0363,0.0215,0.0300,-1.945,0.0983,None
24.9385,-0.1010,0.0956,0.0071,-0.0559,0.1712,0.0268,-0.0983,0.1085,0.0343,-0.0501,0.0474,0.0161,-0.0467,0.0360,0.0211,0.0302,-2.136,0.0986,None
24.9524,-0.1016,0.0950,0.0087,-0.0563,0.1710,0.0265,-0.0980,0.1082,0.0351,-0.0501,0.0474,0.0166,-0.0465,0.0361,0.0216,0.0298,-2.066,0.0985,None
24.9663,-0.1016,0.0942,0.0131,-0.0637,0.1662,0.0262,-0.0972,0.1083,0.0355,-0.0497,0.0476,0.0170,-0.0459,0.0365,0.0221,0.0268,-1.869,0.0982,None
24.9799,-0.1013,0.0936,0.0171,-0.0717,0.1594,0.0260,-0.0978,0.0996,0.0331,-0.0492,0.0478,0.0173,-0.0453,0.0369,0.0225,0.0174,-1.752,0.0951,None
24.9938,-0.1011,0.0937,0.0171,-0.0771,0.1539,0.0254,-0.0979,0.0933,0.0307,-0.0489,0.0479,0.0172,-0.0441,0.0372,0.0225,0.0140,-1.227,0.0928,None
25.0079,-0.1009,0.0939,0.0171,-0.0796,0.1509,0.0248,-0.0977,0.0911,0.0297,-0.0485,0.0479,0.0170,-0.0390,0.0382,0.0227,0.0133,-0.969,0.0920,None
25.0219,-0.1008,0.0940,0.0171,-0.0811,0.1491,0.0241,-0.0976,0.0902,0.0292,-0.0481,0.0480,0.0169,-0.0348,0.0396,0.0232,0.0130,-0.932,0.0916,None
25.0356,-0.1007,0.0940,0.0171,-0.0811,0.1490,0.0237,-0.0975,0.0903,0.0290,-0.0477,0.0479,0.0167,-0.0331,0.0405,0.0236,0.0128,-0.938,0.0917,None
25.0498,-0.1005,0.0940,0.0173,-0.0811,0.1490,0.0233,-0.0976,0.0906,0.0290,-0.0470,0.0476,0.0164,-0.0329,0.0407,0.0237,0.0126,-0.882,0.0919,None
25.0634,-0.1004,0.0941,0.0174,-0.0810,0.1491,0.0230,-0.0981,0.0922,0.0295,-0.0461,0.0472,0.0161,-0.0327,0.0408,0.0237,0.0125,-0.907,0.0930,None
25.0772,-0.1003,0.0941,0.0176,-0.0809,0.1491,0.0228,-0.0984,0.0932,0.0299,-0.0456,0.0471,0.0160,-0.0326,0.0409,0.0238,0.0125,-0.878,0.0938,None
25.0914,-0.1001,0.0941,0.0179,-0.0807,0.1492,0.0226,-0.0987,0.0931,0.0300,-0.0453,0.0471,0.0160,-0.0325,0.0411,0.0238,0.0123,-0.872,0.0941,None
25.1051,-0.0999,0.0942,0.0182,-0.0804,0.1494,0.0224,-0.0989,0.0924,0.0299,-0.0450,0.0471,0.0160,-0.0323,0.0413,0.0239,0.0119,-0.887,0.0942,None
25.1188,-0.0996,0.0943,0.0185,-0.0801,0.1496,0.0222,-0.0988,0.0912,0.0297,-0.0446,0.0471,0.0160,-0.0320,0.0415,0.0240,0.0116,-0.873,0.0941,None
25.1330,-0.0992,0.0946,0.0188,-0.0794,0.1500,0.0220,-0.0983,0.0899,0.0293,-0.0441,0.0472,0.0160,-0.0317,0.0418,0.0241,0.0115,-0.850,0.0935,None
25.1470,-0.0986,0.0950,0.0192,-0.0786,0.1505,0.0218,-0.0977,0.0892,0.0291,-0.0436,0.0474,0.0160,-0.0313,0.0421,0.0242,0.0116,-0.853,0.0931,None
25.1605,-0.0979,0.0955,0.0196,-0.0776,0.1510,0.0216,-0.0970,0.0887,0.0290,-0.0431,0.0475,0.0160,-0.0309,0.0424,0.0243,0.0117,-0.897,0.0927,None
25.1746,-0.0972,0.0962,0.0199,-0.0765,0.1516,0.0213,-0.0962,0.0890,0.0291,-0.0425,0.0477,0.0160,-0.0304,0.0428,0.0243,0.0117,-0.861,0.0926,None
25.1886,-0.0963,0.0969,0.0201,-0.0751,0.1523,0.0210,-0.0953,0.0898,0.0291,-0.0419,0.0480,0.0160,-0.0298,0.0432,0.0243,0.0116,-0.864,0.0926,None
25.2024,-0.0953,0.0977,0.0203,-0.0737,0.1530,0.0207,-0.0944,0.0907,0.0292,-0.0413,0.0484,0.0159,-0.0293,0.0437,0.0243,0.0114,-0.861,0.0926,None
25.2163,-0.0946,0.0984,0.0203,-0.0724,0.1536,0.0202,-0.0935,0.0914,0.0291,-0.0407,0.0487,0.0158,-0.0288,0.0441,0.0243,0.0113,-0.846,0.0925,None
25.2302,-0.0941,0.0989,0.0200,-0.0716,0.1541,0.0196,-0.0930,0.0918,0.0288,-0.0404,0.0489,0.0157,-0.0285,0.0444,0.0242,0.0113,-0.831,0.0925,None
25.2440,-0.0936,0.0993,0.0198,-0.0707,0.1546,0.0190,-0.0924,0.0922,0.0284,-0.0400,0.0491,0.0155,-0.0282,0.0447,0.0241,0.0112,-0.830,0.0924,None
25.2581,-0.0932,0.1000,0.0188,-0.0697,0.1553,0.0185,-0.0918,0.0925,0.0280,-0.0397,0.0494,0.0153,-0.0279,0.0450,0.0240,0.0120,-0.853,0.0922,None
25.2722,-0.0928,0.1032,0.0059,-0.0677,0.1560,0.0183,-0.0903,0.0928,0.0274,-0.0389,0.0498,0.0152,-0.0273,0.0455,0.0239,0.0240,-1.707,0.0918,None
25.2860,-0.0911,0.1055,-0.0041,-0.0657,0.1568,0.0180,-0.0868,0.0888,0.0248,-0.0381,0.0503,0.0150,-0.0266,0.0459,0.0239,0.0337,-2.412,0.0879,None
25.2996,-0.0844,0.1118,-0.0084,-0.0664,0.1530,0.0181,-0.0794,0.0825,0.0207,-0.0366,0.0513,0.0149,-0.0254,0.0467,0.0239,0.0415,-2.919,0.0804,None
25.3137,-0.0786,0.1163,-0.0095,-0.0683,0.1468,0.0185,-0.0696,0.0759,0.0161,-0.0350,0.0522,0.0149,-0.0242,0.0474,0.0240,0.0486,-3.141,0.0709,None
25.3273,-0.0763,0.1178,-0.0089,-0.0673,0.1455,0.0191,-0.0556,0.0685,0.0109,-0.0339,0.0527,0.0150,-0.0233,0.0477,0.0243,0.0570,-3.561,0.0572,None
25.3413,-0.0740,0.1193,-0.0082,-0.0655,0.1454,0.0197,-0.0481,0.0665,0.0088,-0.0328,0.0532,0.0152,-0.0223,0.0481,0.0246,0.0612,-4.017,0.0509,None
25.3553,-0.0737,0.1196,-0.0069,-0.0652,0.1455,0.0211,-0.0419,0.0657,0.0077,-0.0325,0.0530,0.0156,-0.0221,0.0479,0.0252,0.0643,-4.322,0.0448,None
25.3691,-0.0745,0.1192,-0.0054,-0.0657,0.1453,0.0227,-0.0390,0.0652,0.0077,-0.0325,0.0527,0.0162,-0.0224,0.0475,0.0258,0.0659,-4.569,0.0416,None
25.3829,-0.0752,0.1188,-0.0040,-0.0662,0.1452,0.0241,-0.0375,0.0649,0.0079,-0.0324,0.0524,0.0167,-0.0225,0.0471,0.0264,0.0669,-4.704,0.0397,None
25.3966,-0.0761,0.1183,-0.0029,-0.0658,0.1470,0.0257,-0.0371,0.0645,0.0083,-0.0325,0.0520,0.0172,-0.0228,0.0467,0.0269,0.0673,-4.769,0.0389,None
25.4109,-0.0769,0.1178,-0.0021,-0.0666,0.1466,0.0264,-0.0373,0.0642,0.0086,-0.0326,0.0517,0.0174,-0.0230,0.0464,0.0272,0.0674,-4.645,0.0388,None
25.4248,-0.0776,0.1174,-0.0014,-0.0674,0.1463,0.0270,-0.0375,0.0639,0.0088,-0.0327,0.0514,0.0176,-0.0232,0.0461,0.0275,0.0676,-4.727,0.0386,None
25.4384,-0.0782,0.1170,-0.0010,-0.0681,0.1459,0.0273,-0.0377,0.0637,0.0088,-0.0328,0.0512,0.0177,-0.0234,0.0459,0.0277,0.0677,-4.890,0.0385,None
25.4525,-0.0785,0.1167,-0.0006,-0.0687,0.1454,0.0275,-0.0378,0.0634,0.0089,-0.0328,0.0510,0.0178,-0.0236,0.0458,0.0278,0.0677,-4.709,0.0384,None
25.4662,-0.0789,0.1165,-0.0003,-0.0694,0.1449,0.0276,-0.0379,0.0632,0.0089,-0.0329,0.0508,0.0178,-0.0237,0.0457,0.0279,0.0678,-4.856,0.0383,None
25.4801,-0.0792,0.1163,0.0001,-0.0699,0.1445,0.0278,-0.0380,0.0631,0.0089,-0.0329,0.0507,0.0179,-0.0238,0.0455,0.0281,0.0679,-4.826,0.0382,None
25.4941,-0.0795,0.1161,0.0005,-0.0704,0.1440,0.0279,-0.0381,0.0629,0.0089,-0.0329,0.0505,0.0180,-0.0239,0.0454,0.0282,0.0679,-4.749,0.0381,None
25.5078,-0.0797,0.1159,0.0008,-0.0707,0.1437,0.0281,-0.0381,0.0628,0.0090,-0.0329,0.0504,0.0180,-0.0240,0.0453,0.0283,0.0680,-4.916,0.0380,None
25.5220,-0.0800,0.1158,0.0012,-0.0712,0.1434,0.0283,-0.0382,0.0627,0.0090,-0.0329,0.0503,0.0181,-0.0240,0.0452,0.0285,0.0680,-4.715,0.0379,None
25.5356,-0.0802,0.1156,0.0016,-0.0715,0.1431,0.0285,-0.0382,0.0626,0.0090,-0.0329,0.0501,0.0182,-0.0240,0.0451,0.0287,0.0681,-4.919,0.0377,None
25.5497,-0.0804,0.1155,0.0019,-0.0719,0.1428,0.0287,-0.0382,0.0625,0.0091,-0.0329,0.0500,0.0183,-0.0241,0.0450,0.0288,0.0681,-4.746,0.0376,None
25.5639,-0.0806,0.1153,0.0023,-0.0723,0.1425,0.0290,-0.0383,0.0624,0.0091,-0.0329,0.0499,0.0184,-0.0242,0.0449,0.0290,0.0682,-4.720,0.0375,None
25.5772,-0.0810,0.1151,0.0027,-0.0728,0.1421,0.0293,-0.0383,0.0622,0.0092,-0.0329,0.0497,0.0185,-0.0244,0.0447,0.0292,0.0682,-5.091,0.0373,None
25.5913,-0.0814,0.1148,0.0031,-0.0734,0.1417,0.0297,-0.0386,0.0620,0.0093,-0.0331,0.0495,0.0186,-0.0246,0.0445,0.0293,0.0682,-4.756,0.0373,None
25.6052,-0.0819,0.1144,0.0036,-0.0741,0.1412,0.0301,-0.0388,0.0618,0.0095,-0.0333,0.0493,0.0188,-0.0248,0.0443,0.0295,0.0682,-4.843,0.0372,None
25.6188,-0.0824,0.1140,0.0043,-0.0750,0.1406,0.0307,-0.0396,0.0615,0.0098,-0.0338,0.0490,0.0190,-0.0253,0.0440,0.0297,0.0679,-4.952,0.0376,None
25.6330,-0.0835,0.1132,0.0049,-0.0763,0.1400,0.0313,-0.0471,0.0603,0.0116,-0.0359,0.0485,0.0194,-0.0282,0.0433,0.0298,0.0645,-4.726,0.0444,None
25.6467,-0.0852,0.1119,0.0051,-0.0759,0.1432,0.0317,-0.0578,0.0607,0.0147,-0.0411,0.0477,0.0199,-0.0326,0.0427,0.0299,0.0588,-4.647,0.0538,None
25.6607,-0.0871,0.1103,0.0051,-0.0747,0.1476,0.0322,-0.0662,0.0640,0.0179,-0.0492,0.0488,0.0215,-0.0384,0.0430,0.0302,0.0524,-4.133,0.0607,None
25.6744,-0.0898,0.1081,0.0051,-0.0731,0.1525,0.0333,-0.0771,0.0699,0.0222,-0.0554,0.0483,0.0218,-0.0434,0.0410,0.0294,0.0437,-3.731,0.0701,None
25.6885,-0.0926,0.1048,0.0110,-0.0711,0.1564,0.0354,-0.0879,0.0783,0.0281,-0.0572,0.0467,0.0215,-0.0463,0.0392,0.0289,0.0320,-2.812,0.0804,None
25.7021,-0.0955,0.1008,0.0170,-0.0718,0.1574,0.0377,-0.0941,0.0827,0.0315,-0.0589,0.0450,0.0211,-0.0487,0.0373,0.0283,0.0232,-1.922,0.0859,None
25.7158,-0.0974,0.0979,0.0206,-0.0730,0.1572,0.0395,-0.0978,0.0854,0.0350,-0.0597,0.0438,0.0215,-0.0494,0.0361,0.0286,0.0191,-1.387,0.0894,None
25.7302,-0.0988,0.0961,0.0222,-0.0749,0.1561,0.0408,-0.1000,0.0858,0.0374,-0.0600,0.0428,0.0220,-0.0495,0.0352,0.0290,0.0184,-1.164,0.0913,None
25.7439,-0.1001,0.0942,0.0237,-0.0766,0.1550,0.0420,-0.1019,0.0860,0.0395,-0.0588,0.0418,0.0223,-0.0496,0.0344,0.0294,0.0180,-1.194,0.0928,None
25.7572,-0.1007,0.0933,0.0244,-0.0774,0.1546,0.0422,-0.1028,0.0862,0.0405,-0.0573,0.0414,0.0223,-0.0490,0.0340,0.0295,0.0177,-1.272,0.0936,None
25.7718,-0.1006,0.0932,0.0247,-0.0773,0.1548,0.0415,-0.1026,0.0863,0.0405,-0.0564,0.0414,0.0222,-0.0468,0.0343,0.0295,0.0174,-1.201,0.0936,None
25.7853,-0.1005,0.0931,0.0251,-0.0774,0.1548,0.0409,-0.1024,0.0855,0.0402,-0.0557,0.0413,0.0221,-0.0447,0.0345,0.0294,0.0170,-1.269,0.0933,None
25.7990,-0.1002,0.0933,0.0248,-0.0775,0.1548,0.0397,-0.1019,0.0816,0.0378,-0.0538,0.0405,0.0211,-0.0434,0.0349,0.0292,0.0176,-1.277,0.0918,None
25.8132,-0.1000,0.0936,0.0244,-0.0819,0.1502,0.0383,-0.1014,0.0793,0.0360,-0.0528,0.0404,0.0205,-0.0430,0.0352,0.0289,0.0184,-1.278,0.0908,None
25.8268,-0.0998,0.0938,0.0239,-0.0842,0.1474,0.0370,-0.1010,0.0784,0.0347,-0.0524,0.0406,0.0201,-0.0427,0.0356,0.0286,0.0189,-1.407,0.0903,None
25.8411,-0.0996,0.0940,0.0235,-0.0855,0.1457,0.0359,-0.1008,0.0780,0.0338,-0.0520,0.0409,0.0197,-0.0424,0.0359,0.0283,0.0191,-1.370,0.0900,None
25.8545,-0.0994,0.0942,0.0231,-0.0852,0.1459,0.0351,-0.1005,0.0778,0.0331,-0.0517,0.0411,0.0195,-0.0421,0.0362,0.0281,0.0192,-1.466,0.0898,None
25.8688,-0.0996,0.0938,0.0230,-0.0848,0.1462,0.0345,-0.1001,0.0777,0.0325,-0.0513,0.0413,0.0192,-0.0417,0.0365,0.0279,0.0187,-1.354,0.0896,None
25.8825,-0.1000,0.0931,0.0230,-0.0844,0.1464,0.0339,-0.0997,0.0773,0.0318,-0.0510,0.0415,0.0190,-0.0414,0.0367,0.0278,0.0181,-1.346,0.0893,None
25.8965,-0.1002,0.0927,0.0230,-0.0840,0.1466,0.0334,-0.0993,0.0769,0.0312,-0.0507,0.0417,0.0188,-0.0411,0.0370,0.0276,0.0178,-1.279,0.0890,None
25.9105,-0.0998,0.0931,0.0228,-0.0835,0.1470,0.0327,-0.0989,0.0770,0.0307,-0.0503,0.0420,0.0186,-0.0407,0.0373,0.0274,0.0179,-1.313,0.0889,None
25.9244,-0.0993,0.0936,0.0225,-0.0827,0.1474,0.0319,-0.0983,0.0774,0.0302,-0.0499,0.0423,0.0184,-0.0402,0.0377,0.0272,0.0180,-1.335,0.0888,None
25.9380,-0.0986,0.0944,0.0219,-0.0816,0.1481,0.0308,-0.0977,0.0783,0.0296,-0.0493,0.0428,0.0180,-0.0397,0.0383,0.0269,0.0178,-1.384,0.0888,None
25.9520,-0.0977,0.0954,0.0211,-0.0802,0.1491,0.0293,-0.0969,0.0795,0.0288,-0.0487,0.0434,0.0175,-0.0391,0.0390,0.0265,0.0177,-1.365,0.0888,None
25.9659,-0.0966,0.0966,0.0201,-0.0785,0.1502,0.0276,-0.0960,0.0809,0.0278,-0.0479,0.0442,0.0169,-0.0384,0.0398,0.0261,0.0175,-1.379,0.0888,None
25.9800,-0.0954,0.0980,0.0191,-0.0766,0.1514,0.0258,-0.0949,0.0825,0.0268,-0.0471,0.0450,0.0164,-0.0374,0.0407,0.0256,0.0173,-1.346,0.0889,None
25.9938,-0.0942,0.0992,0.0179,-0.0747,0.1526,0.0240,-0.0939,0.0840,0.0257,-0.0464,0.0457,0.0157,-0.0363,0.0415,0.0250,0.0171,-1.335,0.0889,None
26.0073,-0.0928,0.1009,0.0163,-0.0723,0.1539,0.0222,-0.0924,0.0855,0.0246,-0.0454,0.0466,0.0151,-0.0353,0.0424,0.0246,0.0175,-1.402,0.0887,None
26.0218,-0.0914,0.1032,0.0111,-0.0700,0.1551,0.0203,-0.0910,0.0870,0.0235,-0.0444,0.0474,0.0145,-0.0343,0.0433,0.0241,0.0204,-1.493,0.0886,None
26.0352,-0.0876,0.1070,0.0072,-0.0749,0.1422,0.0166,-0.0871,0.0887,0.0207,-0.0426,0.0491,0.0135,-0.0328,0.0448,0.0232,0.0227,-1.924,0.0873,None
26.0492,-0.0824,0.1113,0.0033,-0.0763,0.1271,0.0106,-0.0762,0.0810,0.0125,-0.0404,0.0511,0.0118,-0.0309,0.0465,0.0220,0.0322,-2.003,0.0772,None
26.0632,-0.0767,0.1154,-0.0006,-0.0725,0.1204,0.0053,-0.0667,0.0777,0.0068,-0.0380,0.0530,0.0101,-0.0288,0.0483,0.0210,0.0398,-2.588,0.0702,None
26.0771,-0.0723,0.1183,-0.0023,-0.0681,0.1231,0.0041,-0.0594,0.0766,0.0042,-0.0360,0.0542,0.0094,-0.0268,0.0494,0.0209,0.0442,-2.980,0.0652,None
26.0909,-0.0704,0.1195,-0.0021,-0.0662,0.1245,0.0047,-0.0525,0.0740,0.0032,-0.0350,0.0546,0.0096,-0.0259,0.0496,0.0213,0.0492,-3.187,0.0592,None
26.1051,-0.0685,0.1206,-0.0020,-0.0643,0.1259,0.0052,-0.0478,0.0730,0.0027,-0.0338,0.0550,0.0098,-0.0252,0.0498,0.0216,0.0521,-3.449,0.0556,None
26.1187,-0.0691,0.1204,-0.0002,-0.0628,0.1338,0.0092,-0.0447,0.0714,0.0034,-0.0338,0.0546,0.0107,-0.0252,0.0493,0.0225,0.0548,-3.771,0.0521,None
26.1327,-0.0706,0.1195,0.0023,-0.0593,0.1446,0.0147,-0.0428,0.0699,0.0047,-0.0341,0.0540,0.0120,-0.0254,0.0486,0.0236,0.0569,-3.838,0.0493,None
26.1464,-0.0718,0.1187,0.0043,-0.0560,0.1514,0.0188,-0.0413,0.0689,0.0057,-0.0342,0.0534,0.0130,-0.0255,0.0481,0.0245,0.0585,-4.098,0.0473,None
26.1603,-0.0731,0.1179,0.0061,-0.0564,0.1524,0.0213,-0.0392,0.0678,0.0064,-0.0345,0.0528,0.0139,-0.0257,0.0474,0.0253,0.0605,-4.128,0.0445,None
26.1744,-0.0742,0.1172,0.0072,-0.0578,0.1516,0.0227,-0.0387,0.0670,0.0069,-0.0347,0.0523,0.0145,-0.0260,0.0469,0.0258,0.0614,-4.195,0.0434,None
26.1881,-0.0750,0.1166,0.0079,-0.0590,0.1508,0.0236,-0.0390,0.0666,0.0073,-0.0349,0.0519,0.0148,-0.0263,0.0465,0.0261,0.0617,-4.431,0.0432,None
26.2020,-0.0756,0.1161,0.0085,-0.0602,0.1500,0.0245,-0.0391,0.0661,0.0076,-0.0350,0.0515,0.0151,-0.0266,0.0460,0.0265,0.0619,-4.381,0.0429,None
26.2157,-0.0763,0.1157,0.0088,-0.0614,0.1492,0.0250,-0.0393,0.0657,0.0077,-0.0352,0.0511,0.0152,-0.0269,0.0456,0.0267,0.0622,-4.439,0.0427,None
26.2298,-0.0769,0.1153,0.0090,-0.0626,0.1484,0.0254,-0.0396,0.0653,0.0077,-0.0353,0.0507,0.0153,-0.0272,0.0452,0.0268,0.0624,-4.340,0.0426,None
26.2435,-0.0777,0.1147,0.0091,-0.0639,0.1475,0.0258,-0.0398,0.0649,0.0077,-0.0356,0.0503,0.0154,-0.0277,0.0448,0.0270,0.0626,-4.495,0.0424,None
26.2576,-0.0784,0.1142,0.0093,-0.0652,0.1467,0.0263,-0.0401,0.0645,0.0078,-0.0358,0.0499,0.0155,-0.0281,0.0443,0.0272,0.0628,-4.339,0.0422,None
26.2715,-0.0792,0.1137,0.0095,-0.0665,0.1459,0.0270,-0.0404,0.0640,0.0079,-0.0361,0.0494,0.0156,-0.0286,0.0438,0.0274,0.0630,-4.449,0.0420,None
26.2856,-0.0799,0.1132,0.0097,-0.0678,0.1451,0.0277,-0.0408,0.0636,0.0080,-0.0365,0.0489,0.0157,-0.0291,0.0432,0.0275,0.0632,-4.368,0.0419,None
26.2991,-0.0807,0.1125,0.0103,-0.0692,0.1442,0.0291,-0.0412,0.0631,0.0084,-0.0369,0.0483,0.0160,-0.0298,0.0424,0.0279,0.0633,-4.585,0.0417,None
26.3131,-0.0815,0.1119,0.0111,-0.0709,0.1430,0.0314,-0.0417,0.0625,0.0090,-0.0375,0.0476,0.0163,-0.0308,0.0414,0.0282,0.0635,-4.448,0.0416,None
26.3268,-0.0825,0.1111,0.0119,-0.0729,0.1415,0.0340,-0.0425,0.0618,0.0096,-0.0385,0.0467,0.0165,-0.0322,0.0401,0.0285,0.0634,-4.550,0.0417,None
26.3411,-0.0834,0.1103,0.0126,-0.0750,0.1400,0.0365,-0.0434,0.0612,0.0101,-0.0394,0.0458,0.0166,-0.0337,0.0387,0.0286,0.0634,-4.376,0.0418,None
26.3548,-0.0841,0.1099,0.0109,-0.0733,0.1443,0.0396,-0.0460,0.0605,0.0089,-0.0408,0.0453,0.0155,-0.0371,0.0376,0.0269,0.0625,-4.555,0.0437,None
26.3688,-0.0836,0.1098,0.0090,-0.0683,0.1510,0.0431,-0.0672,0.0663,0.0060,-0.0489,0.0457,0.0108,-0.0490,0.0380,0.0199,0.0466,-4.383,0.0637,None
26.3827,-0.0832,0.1089,0.0085,-0.0659,0.1540,0.0454,-0.0781,0.0770,0.0069,-0.0567,0.0478,0.0065,-0.0558,0.0396,0.0148,0.0324,-3.286,0.0743,None
26.3966,-0.0816,0.1079,0.0077,-0.0609,0.1582,0.0479,-0.0862,0.0932,0.0093,-0.0684,0.0572,0.0022,-0.0622,0.0436,0.0085,0.0155,-2.236,0.0853,None
26.4106,-0.0784,0.1096,0.0030,-0.0566,0.1615,0.0469,-0.0862,0.1017,0.0053,-0.0663,0.0599,-0.0037,-0.0615,0.0464,0.0026,0.0113,-1.381,0.0894,None
26.4243,-0.0756,0.1110,-0.0008,-0.0536,0.1635,0.0464,-0.0849,0.1072,0.0017,-0.0640,0.0620,-0.0081,-0.0600,0.0488,-0.0019,0.0103,-1.150,0.0915,None
26.4382,-0.0706,0.1141,-0.0062,-0.0505,0.1653,0.0436,-0.0802,0.1108,-0.0048,-0.0590,0.0637,-0.0128,-0.0571,0.0512,-0.0067,0.0103,-1.375,0.0917,None
26.4522,-0.0629,0.1182,-0.0116,-0.0466,0.1668,0.0421,-0.0726,0.1150,-0.0116,-0.0469,0.0621,-0.0144,-0.0476,0.0501,-0.0085,0.0103,-1.567,0.0914,None
26.4660,-0.0531,0.1225,-0.0157,-0.0414,0.1683,0.0417,-0.0628,0.1197,-0.0173,-0.0377,0.0629,-0.0155,-0.0401,0.0506,-0.0096,0.0102,-1.837,0.0913,None
26.4797,-0.0460,0.1252,-0.0176,-0.0379,0.1691,0.0418,-0.0555,0.1225,-0.0204,-0.0319,0.0634,-0.0157,-0.0357,0.0512,-0.0098,0.0102,-1.602,0.0912,None
26.4939,-0.0374,0.1280,-0.0181,-0.0321,0.1700,0.0430,-0.0466,0.1254,-0.0220,-0.0269,0.0653,-0.0165,-0.0315,0.0528,-0.0103,0.0103,-1.730,0.0910,None
26.5077,-0.0295,0.1300,-0.0189,-0.0259,0.1711,0.0428,-0.0387,0.1279,-0.0236,-0.0223,0.0667,-0.0174,-0.0280,0.0545,-0.0114,0.0105,-1.687,0.0913,None
26.5218,-0.0234,0.1313,-0.0192,-0.0212,0.1717,0.0429,-0.0329,0.1303,-0.0243,-0.0188,0.0677,-0.0178,-0.0260,0.0580,-0.0128,0.0108,-1.521,0.0920,None
26.5356,-0.0178,0.1320,-0.0204,-0.0160,0.1724,0.0384,-0.0274,0.1319,-0.0257,-0.0156,0.0682,-0.0186,-0.0238,0.0609,-0.0142,0.0110,-1.692,0.0925,None
26.5496,-0.0140,0.1324,-0.0211,-0.0119,0.1724,0.0327,-0.0235,0.1326,-0.0264,-0.0135,0.0685,-0.0188,-0.0222,0.0619,-0.0143,0.0109,-1.589,0.0925,None
26.5634,-0.0102,0.1327,-0.0215,-0.0078,0.1721,0.0287,-0.0196,0.1332,-0.0269,-0.0114,0.0688,-0.0189,-0.0203,0.0622,-0.0137,0.0109,-1.537,0.0926,None
26.5773,-0.0078,0.1329,-0.0215,-0.0043,0.1716,0.0255,-0.0173,0.1336,-0.0268,-0.0102,0.0689,-0.0187,-0.0192,0.0623,-0.0130,0.0109,-1.290,0.0927,None
26.5912,-0.0054,0.1331,-0.0206,0.0006,0.1713,0.0245,-0.0150,0.1342,-0.0257,-0.0091,0.0691,-0.0181,-0.0181,0.0628,-0.0123,0.0109,-1.165,0.0928,None
26.6053,-0.0038,0.1335,-0.0187,0.0046,0.1710,0.0262,-0.0136,0.1349,-0.0235,-0.0084,0.0694,-0.0169,-0.0174,0.0632,-0.0110,0.0110,-1.095,0.0929,None
26.6188,-0.0019,0.1337,-0.0172,0.0085,0.1705,0.0273,-0.0118,0.1355,-0.0217,-0.0075,0.0697,-0.0159,-0.0165,0.0636,-0.0099,0.0110,-1.183,0.0931,None
26.6328,-0.0003,0.1342,-0.0134,0.0117,0.1693,0.0312,-0.0105,0.1363,-0.0175,-0.0070,0.0700,-0.0136,-0.0158,0.0640,-0.0076,0.0112,-1.104,0.0931,None
26.6465,0.0041,0.1358,-0.0078,0.0148,0.1670,0.0383,-0.0093,0.1359,-0.0113,-0.0065,0.0704,-0.0098,-0.0153,0.0644,-0.0039,0.0138,-1.240,0.0926,None
26.6606,0.0173,0.1372,-0.0047,0.0181,0.1647,0.0441,-0.0076,0.1308,-0.0097,-0.0055,0.0683,-0.0064,-0.0145,0.0645,-0.0005,0.0262,-1.989,0.0902,None
26.6743,0.0225,0.1370,0.0049,0.0197,0.1565,0.0427,-0.0034,0.1171,-0.0071,-0.0037,0.0662,-0.0008,-0.0130,0.0644,0.0049,0.0347,-2.590,0.0822,None
26.6885,0.0256,0.1354,0.0177,0.0179,0.1418,0.0336,0.0011,0.1017,-0.0009,-0.0020,0.0652,0.0054,-0.0113,0.0636,0.0112,0.0456,-3.094,0.0725,None
26.7023,0.0292,0.1328,0.0294,0.0190,0.1324,0.0347,0.0045,0.0918,0.0054,-0.0006,0.0644,0.0105,-0.0098,0.0623,0.0166,0.0535,-3.839,0.0661,None
26.7161,0.0300,0.1307,0.0367,0.0199,0.1293,0.0409,0.0059,0.0846,0.0104,-0.0003,0.0634,0.0144,-0.0093,0.0604,0.0209,0.0583,-4.079,0.0611,None
26.7300,0.0279,0.1311,0.0372,0.0180,0.1294,0.0417,0.0048,0.0817,0.0116,-0.0014,0.0630,0.0150,-0.0101,0.0597,0.0219,0.0602,-4.118,0.0586,None
26.7439,0.0264,0.1311,0.0382,0.0167,0.1292,0.0428,0.0040,0.0797,0.0129,-0.0023,0.0626,0.0159,-0.0107,0.0589,0.0231,0.0615,-4.321,0.0569,None
26.7578,0.0235,0.1324,0.0356,0.0140,0.1304,0.0405,0.0023,0.0787,0.0117,-0.0038,0.0626,0.0149,-0.0119,0.0586,0.0225,0.0624,-4.260,0.0559,None
26.7718,0.0209,0.1334,0.0331,0.0116,0.1316,0.0381,0.0006,0.0787,0.0102,-0.0051,0.0626,0.0137,-0.0130,0.0585,0.0215,0.0626,-4.302,0.0557,None
26.7868,0.0187,0.1338,0.0327,0.0095,0.1322,0.0377,-0.0005,0.0787,0.0098,-0.0061,0.0625,0.0132,-0.0141,0.0583,0.0210,0.0628,-4.143,0.0557,None
26.7993,0.0168,0.1342,0.0325,0.0076,0.1326,0.0375,-0.0016,0.0786,0.0095,-0.0070,0.0623,0.0129,-0.0150,0.0580,0.0207,0.0629,-4.945,0.0556,None
26.8136,0.0157,0.1340,0.0337,0.0065,0.1327,0.0387,-0.0021,0.0785,0.0098,-0.0074,0.0621,0.0130,-0.0156,0.0578,0.0206,0.0630,-4.426,0.0556,None
26.8272,0.0153,0.1337,0.0352,0.0087,0.1371,0.0496,-0.0022,0.0785,0.0104,-0.0076,0.0620,0.0133,-0.0160,0.0576,0.0208,0.0630,-4.693,0.0556,None
26.8411,0.0148,0.1333,0.0369,0.0099,0.1398,0.0588,-0.0023,0.0785,0.0111,-0.0078,0.0618,0.0136,-0.0164,0.0574,0.0209,0.0630,-4.597,0.0556,None
26.8549,0.0144,0.1330,0.0380,0.0117,0.1423,0.0698,-0.0025,0.0785,0.0114,-0.0080,0.0617,0.0138,-0.0167,0.0574,0.0209,0.0629,-4.564,0.0556,None
26.8690,0.0132,0.1328,0.0385,0.0139,0.1435,0.0795,-0.0028,0.0789,0.0113,-0.0082,0.0618,0.0135,-0.0170,0.0576,0.0206,0.0625,-4.360,0.0558,None
26.8829,0.0139,0.1326,0.0386,0.0146,0.1437,0.0847,-0.0037,0.0824,0.0124,-0.0084,0.0620,0.0133,-0.0172,0.0578,0.0203,0.0593,-4.458,0.0573,None
26.8967,0.0131,0.1327,0.0378,0.0167,0.1440,0.0920,-0.0053,0.0901,0.0150,-0.0085,0.0625,0.0126,-0.0176,0.0602,0.0199,0.0517,-4.147,0.0608,None
26.9107,0.0127,0.1331,0.0362,0.0189,0.1437,0.0981,-0.0096,0.1090,0.0204,-0.0101,0.0695,0.0128,-0.0168,0.0662,0.0205,0.0365,-3.604,0.0739,None
26.9244,0.0125,0.1335,0.0348,0.0201,0.1437,0.1016,-0.0116,0.1188,0.0247,-0.0123,0.0788,0.0119,-0.0169,0.0737,0.0197,0.0299,-2.576,0.0807,None
26.9384,0.0123,0.1340,0.0327,0.0209,0.1442,0.1027,-0.0135,0.1309,0.0330,-0.0146,0.0886,0.0120,-0.0184,0.0808,0.0182,0.0260,-2.073,0.0895,None
26.9525,0.0115,0.1345,0.0306,0.0202,0.1458,0.1006,-0.0146,0.1368,0.0370,-0.0155,0.0919,0.0119,-0.0198,0.0843,0.0172,0.0271,-1.792,0.0938,None
26.9661,0.0104,0.1349,0.0283,0.0195,0.1475,0.0983,-0.0154,0.1392,0.0373,-0.0160,0.0925,0.0106,-0.0203,0.0846,0.0159,0.0277,-1.969,0.0953,None
26.9801,0.0092,0.1354,0.0258,0.0187,0.1493,0.0957,-0.0161,0.1409,0.0365,-0.0164,0.0928,0.0091,-0.0208,0.0850,0.0144,0.0279,-1.958,0.0961,None
26.9940,0.0081,0.1358,0.0234,0.0181,0.1511,0.0929,-0.0166,0.1414,0.0337,-0.0166,0.0927,0.0073,-0.0211,0.0851,0.0129,0.0274,-2.033,0.0961,None
27.0082,0.0056,0.1361,0.0216,0.0179,0.1526,0.0903,-0.0167,0.1418,0.0311,-0.0165,0.0923,0.0058,-0.0210,0.0851,0.0115,0.0249,-1.850,0.0959,None
27.0221,0.0018,0.1362,0.0200,0.0178,0.1541,0.0877,-0.0167,0.1416,0.0277,-0.0157,0.0899,0.0046,-0.0208,0.0844,0.0104,0.0208,-1.649,0.0955,None
27.0358,0.0002,0.1362,0.0188,0.0170,0.1561,0.0817,-0.0159,0.1355,0.0165,-0.0131,0.0817,0.0022,-0.0200,0.0832,0.0098,0.0162,-1.476,0.0917,None
27.0496,0.0000,0.1365,0.0176,0.0150,0.1586,0.0747,-0.0148,0.1296,0.0083,-0.0111,0.0752,0.0007,-0.0189,0.0813,0.0091,0.0188,-1.160,0.0886,None
27.0635,0.0012,0.1372,0.0157,0.0145,0.1600,0.0708,-0.0139,0.1264,0.0037,-0.0098,0.0714,-0.0001,-0.0171,0.0770,0.0082,0.0220,-1.366,0.0873,None
27.0772,0.0027,0.1376,0.0145,0.0129,0.1605,0.0630,-0.0130,0.1241,0.0011,-0.0088,0.0692,-0.0003,-0.0160,0.0734,0.0081,0.0246,-1.655,0.0864,None
27.0913,0.0037,0.1377,0.0142,0.0104,0.1595,0.0536,-0.0126,0.1234,0.0003,-0.0085,0.0690,0.0000,-0.0156,0.0711,0.0082,0.0258,-1.774,0.0863,None
27.1052,0.0045,0.1377,0.0141,0.0096,0.1584,0.0490,-0.0125,0.1242,0.0002,-0.0082,0.0687,0.0003,-0.0154,0.0694,0.0083,0.0258,-1.875,0.0872,None
27.1189,0.0048,0.1376,0.0148,0.0089,0.1569,0.0452,-0.0121,0.1244,0.0012,-0.0080,0.0685,0.0009,-0.0152,0.0677,0.0089,0.0254,-1.894,0.0874,None
27.1331,0.0054,0.1375,0.0156,0.0097,0.1561,0.0461,-0.0119,0.1239,0.0026,-0.0078,0.0681,0.0020,-0.0144,0.0647,0.0113,0.0255,-1.809,0.0871,None
27.1466,0.0069,0.1372,0.0185,0.0094,0.1511,0.0404,-0.0095,0.1130,0.0009,-0.0071,0.0669,0.0044,-0.0132,0.0618,0.0152,0.0341,-2.024,0.0802,None
27.1608,0.0091,0.1364,0.0227,0.0099,0.1450,0.0368,-0.0066,0.1009,0.0013,-0.0059,0.0650,0.0080,-0.0120,0.0591,0.0193,0.0443,-2.575,0.0725,None
27.1747,0.0136,0.1347,0.0301,0.0129,0.1382,0.0378,-0.0003,0.0855,0.0067,-0.0036,0.0630,0.0127,-0.0098,0.0565,0.0242,0.0562,-3.481,0.0608,None
27.1886,0.0179,0.1325,0.0370,0.0168,0.1344,0.0435,0.0050,0.0752,0.0134,-0.0018,0.0620,0.0163,-0.0079,0.0548,0.0277,0.0633,-4.162,0.0519,None
27.2026,0.0224,0.1298,0.0436,0.0209,0.1309,0.0492,0.0087,0.0701,0.0187,0.0000,0.0608,0.0196,-0.0060,0.0531,0.0309,0.0662,-4.586,0.0477,None
27.2161,0.0232,0.1286,0.0468,0.0215,0.1296,0.0526,0.0091,0.0687,0.0206,0.0002,0.0600,0.0212,-0.0058,0.0520,0.0324,0.0669,-4.886,0.0469,None
27.2304,0.0210,0.1287,0.0477,0.0191,0.1298,0.0538,0.0077,0.0686,0.0210,-0.0011,0.0596,0.0215,-0.0069,0.0515,0.0327,0.0671,-4.628,0.0468,None
27.2441,0.0193,0.1287,0.0485,0.0171,0.1300,0.0550,0.0064,0.0684,0.0214,-0.0021,0.0593,0.0219,-0.0080,0.0509,0.0330,0.0674,-4.817,0.0467,None
27.2578,0.0159,0.1293,0.0483,0.0135,0.1307,0.0551,0.0044,0.0685,0.0212,-0.0039,0.0591,0.0217,-0.0096,0.0507,0.0328,0.0676,-4.873,0.0468,None
27.2719,0.0125,0.1299,0.0480,0.0106,0.1322,0.0573,0.0024,0.0686,0.0210,-0.0056,0.0589,0.0214,-0.0113,0.0505,0.0325,0.0677,-4.710,0.0468,None
27.2856,0.0095,0.1302,0.0481,0.0099,0.1348,0.0643,0.0005,0.0686,0.0209,-0.0072,0.0585,0.0213,-0.0129,0.0501,0.0322,0.0679,-4.908,0.0469,None
27.2996,0.0074,0.1305,0.0479,0.0088,0.1368,0.0706,-0.0013,0.0686,0.0208,-0.0087,0.0582,0.0211,-0.0144,0.0498,0.0320,0.0681,-4.807,0.0469,None
27.3135,0.0090,0.1315,0.0458,0.0083,0.1387,0.0764,-0.0028,0.0687,0.0203,-0.0100,0.0581,0.0206,-0.0158,0.0497,0.0315,0.0688,-4.892,0.0469,None
27.3275,0.0108,0.1325,0.0431,0.0092,0.1403,0.0830,-0.0039,0.0691,0.0194,-0.0110,0.0582,0.0197,-0.0169,0.0500,0.0305,0.0693,-4.939,0.0471,None
27.3413,0.0112,0.1332,0.0411,0.0085,0.1414,0.0863,-0.0051,0.0695,0.0185,-0.0119,0.0583,0.0188,-0.0180,0.0503,0.0296,0.0696,-5.044,0.0472,None
27.3552,0.0087,0.1335,0.0401,0.0106,0.1422,0.0936,-0.0060,0.0703,0.0171,-0.0126,0.0587,0.0175,-0.0189,0.0510,0.0282,0.0688,-4.928,0.0476,None
27.3691,0.0060,0.1336,0.0386,0.0154,0.1417,0.1058,-0.0142,0.0905,0.0184,-0.0133,0.0596,0.0159,-0.0206,0.0551,0.0244,0.0517,-4.848,0.0619,None
27.3831,0.0037,0.1339,0.0364,0.0165,0.1415,0.1110,-0.0194,0.1039,0.0207,-0.0165,0.0671,0.0136,-0.0214,0.0630,0.0211,0.0409,-3.573,0.0716,None
27.3968,0.0029,0.1347,0.0330,0.0175,0.1414,0.1145,-0.0251,0.1259,0.0320,-0.0213,0.0812,0.0127,-0.0235,0.0732,0.0189,0.0294,-2.889,0.0876,None
27.4109,0.0018,0.1355,0.0290,0.0178,0.1428,0.1146,-0.0274,0.1414,0.0468,-0.0248,0.0922,0.0137,-0.0264,0.0802,0.0173,0.0347,-2.015,0.0996,None
27.4248,-0.0025,0.1348,0.0259,0.0176,0.1448,0.1133,-0.0281,0.1480,0.0516,-0.0266,0.0982,0.0128,-0.0285,0.0848,0.0153,0.0386,-2.378,0.1044,None
27.4390,-0.0128,0.1334,0.0245,0.0153,0.1475,0.1101,-0.0301,0.1500,0.0506,-0.0279,0.0988,0.0109,-0.0298,0.0854,0.0135,0.0354,-2.435,0.1054,None
27.4529,-0.0215,0.1320,0.0236,0.0133,0.1498,0.1071,-0.0326,0.1500,0.0476,-0.0296,0.0980,0.0093,-0.0314,0.0848,0.0123,0.0320,-2.417,0.1051,None
27.4665,-0.0252,0.1323,0.0214,0.0095,0.1544,0.0992,-0.0364,0.1439,0.0322,-0.0304,0.0927,0.0060,-0.0331,0.0837,0.0118,0.0194,-2.406,0.1006,None
27.4802,-0.0280,0.1326,0.0191,0.0029,0.1593,0.0877,-0.0395,0.1369,0.0205,-0.0284,0.0813,0.0024,-0.0333,0.0799,0.0123,0.0123,-1.410,0.0967,None
27.4942,-0.0293,0.1328,0.0177,-0.0024,0.1620,0.0769,-0.0417,0.1312,0.0141,-0.0263,0.0727,0.0021,-0.0317,0.0737,0.0138,0.0130,-0.782,0.0941,None
27.5082,-0.0291,0.1329,0.0180,-0.0041,0.1627,0.0698,-0.0419,0.1296,0.0135,-0.0247,0.0690,0.0036,-0.0282,0.0667,0.0145,0.0140,-0.920,0.0934,None
27.5222,-0.0291,0.1330,0.0184,-0.0044,0.1630,0.0654,-0.0423,0.1289,0.0139,-0.0236,0.0667,0.0051,-0.0259,0.0620,0.0156,0.0145,-0.979,0.0932,None
27.5356,-0.0269,0.1333,0.0196,-0.0022,0.1628,0.0629,-0.0404,0.1294,0.0155,-0.0216,0.0658,0.0071,-0.0236,0.0601,0.0166,0.0146,-1.200,0.0932,None
27.5498,-0.0240,0.1336,0.0215,-0.0004,0.1618,0.0603,-0.0376,0.1300,0.0176,-0.0187,0.0644,0.0098,-0.0216,0.0591,0.0182,0.0146,-1.188,0.0933,None
27.5638,-0.0212,0.1338,0.0232,0.0014,0.1608,0.0582,-0.0350,0.1305,0.0196,-0.0159,0.0630,0.0123,-0.0197,0.0581,0.0202,0.0147,-1.183,0.0933,None
27.5772,-0.0186,0.1338,0.0253,-0.0006,0.1575,0.0518,-0.0326,0.1307,0.0217,-0.0132,0.0614,0.0150,-0.0177,0.0564,0.0229,0.0148,-1.204,0.0932,None
27.5915,-0.0154,0.1335,0.0290,0.0006,0.1542,0.0517,-0.0293,0.1237,0.0214,-0.0113,0.0604,0.0174,-0.0165,0.0538,0.0262,0.0186,-1.152,0.0881,None
27.6052,-0.0116,0.1332,0.0323,0.0029,0.1516,0.0529,-0.0250,0.1090,0.0162,-0.0086,0.0575,0.0193,-0.0152,0.0514,0.0293,0.0321,-1.466,0.0780,None
27.6190,0.0013,0.1341,0.0338,0.0072,0.1468,0.0571,-0.0156,0.0898,0.0144,-0.0059,0.0552,0.0220,-0.0135,0.0498,0.0322,0.0512,-2.800,0.0640,None
27.6334,0.0123,0.1332,0.0369,0.0101,0.1415,0.0628,-0.0052,0.0732,0.0181,-0.0042,0.0533,0.0251,-0.0118,0.0477,0.0352,0.0652,-3.851,0.0500,None
27.6469,0.0157,0.1314,0.0422,0.0106,0.1373,0.0687,-0.0020,0.0674,0.0220,-0.0044,0.0523,0.0271,-0.0113,0.0451,0.0375,0.0694,-4.897,0.0455,None
27.6607,0.0180,0.1292,0.0480,0.0112,0.1332,0.0745,-0.0003,0.0645,0.0258,-0.0048,0.0515,0.0288,-0.0108,0.0424,0.0396,0.0708,-5.057,0.0436,None
27.6744,0.0144,0.1286,0.0509,0.0074,0.1319,0.0774,-0.0022,0.0637,0.0271,-0.0066,0.0508,0.0295,-0.0120,0.0409,0.0404,0.0710,-5.046,0.0435,None
27.6885,0.0091,0.1289,0.0514,0.0019,0.1320,0.0779,-0.0049,0.0634,0.0272,-0.0089,0.0504,0.0295,-0.0139,0.0402,0.0404,0.0712,-4.907,0.0434,None
27.7025,0.0041,0.1289,0.0519,-0.0033,0.1319,0.0785,-0.0074,0.0630,0.0273,-0.0110,0.0499,0.0296,-0.0157,0.0395,0.0404,0.0713,-4.939,0.0434,None
27.7162,-0.0009,0.1294,0.0511,-0.0078,0.1335,0.0795,-0.0099,0.0628,0.0267,-0.0131,0.0496,0.0289,-0.0176,0.0392,0.0397,0.0714,-5.111,0.0434,None
27.7316,-0.0046,0.1298,0.0500,-0.0108,0.1355,0.0813,-0.0118,0.0628,0.0259,-0.0148,0.0495,0.0281,-0.0192,0.0391,0.0390,0.0715,-4.534,0.0434,None
27.7441,-0.0065,0.1299,0.0501,-0.0127,0.1374,0.0841,-0.0137,0.0627,0.0251,-0.0164,0.0494,0.0274,-0.0207,0.0390,0.0383,0.0720,-5.688,0.0435,None
27.7579,-0.0061,0.1300,0.0510,-0.0138,0.1387,0.0865,-0.0151,0.0627,0.0244,-0.0177,0.0493,0.0267,-0.0221,0.0390,0.0375,0.0729,-5.196,0.0435,None
27.7719,-0.0051,0.1307,0.0507,-0.0135,0.1398,0.0893,-0.0162,0.0629,0.0237,-0.0186,0.0494,0.0261,-0.0231,0.0392,0.0369,0.0738,-5.251,0.0437,None
27.7857,-0.0048,0.1316,0.0499,-0.0140,0.1405,0.0913,-0.0172,0.0630,0.0231,-0.0196,0.0495,0.0255,-0.0242,0.0394,0.0363,0.0747,-5.328,0.0438,None
27.7995,-0.0068,0.1321,0.0484,-0.0135,0.1418,0.0936,-0.0195,0.0645,0.0216,-0.0207,0.0499,0.0244,-0.0268,0.0420,0.0347,0.0739,-5.375,0.0455,None
27.8135,-0.0091,0.1329,0.0457,-0.0143,0.1435,0.0939,-0.0364,0.0860,0.0246,-0.0268,0.0561,0.0215,-0.0339,0.0508,0.0310,0.0583,-5.199,0.0648,None
27.8274,-0.0124,0.1339,0.0417,-0.0170,0.1459,0.0916,-0.0490,0.1088,0.0369,-0.0357,0.0672,0.0213,-0.0401,0.0586,0.0278,0.0447,-3.975,0.0832,None
27.8413,-0.0159,0.1348,0.0372,-0.0205,0.1483,0.0885,-0.0545,0.1184,0.0417,-0.0415,0.0739,0.0204,-0.0441,0.0643,0.0252,0.0421,-2.981,0.0908,None
27.8554,-0.0209,0.1353,0.0324,-0.0254,0.1504,0.0837,-0.0591,0.1246,0.0448,-0.0457,0.0770,0.0192,-0.0463,0.0649,0.0224,0.0416,-2.713,0.0959,None
27.8692,-0.0332,0.1337,0.0260,-0.0302,0.1524,0.0788,-0.0634,0.1260,0.0428,-0.0481,0.0762,0.0165,-0.0483,0.0642,0.0200,0.0354,-2.403,0.0973,None
27.8831,-0.0458,0.1301,0.0205,-0.0338,0.1547,0.0762,-0.0676,0.1263,0.0394,-0.0505,0.0753,0.0138,-0.0504,0.0633,0.0176,0.0291,-2.096,0.0980,None
27.8966,-0.0547,0.1263,0.0196,-0.0357,0.1572,0.0742,-0.0710,0.1254,0.0359,-0.0523,0.0738,0.0119,-0.0517,0.0620,0.0162,0.0231,-1.830,0.0978,None
27.9108,-0.0593,0.1241,0.0184,-0.0365,0.1592,0.0720,-0.0733,0.1243,0.0337,-0.0487,0.0687,0.0128,-0.0486,0.0574,0.0173,0.0207,-1.567,0.0976,None
27.9247,-0.0630,0.1224,0.0169,-0.0379,0.1609,0.0692,-0.0756,0.1230,0.0316,-0.0444,0.0639,0.0143,-0.0438,0.0518,0.0192,0.0194,-1.515,0.0974,None
27.9384,-0.0634,0.1222,0.0163,-0.0369,0.1621,0.0669,-0.0759,0.1195,0.0270,-0.0379,0.0590,0.0158,-0.0383,0.0480,0.0222,0.0166,-1.452,0.0956,None
27.9524,-0.0620,0.1229,0.0163,-0.0339,0.1633,0.0653,-0.0744,0.1162,0.0228,-0.0346,0.0574,0.0161,-0.0355,0.0475,0.0238,0.0155,-1.203,0.0935,None
27.9665,-0.0610,0.1234,0.0161,-0.0323,0.1642,0.0630,-0.0732,0.1140,0.0201,-0.0327,0.0567,0.0160,-0.0337,0.0476,0.0247,0.0159,-1.117,0.0922,None
27.9802,-0.0589,0.1244,0.0162,-0.0305,0.1646,0.0603,-0.0711,0.1137,0.0190,-0.0311,0.0570,0.0160,-0.0323,0.0483,0.0249,0.0165,-1.196,0.0914,None
27.9940,-0.0562,0.1254,0.0170,-0.0267,0.1651,0.0601,-0.0685,0.1149,0.0199,-0.0296,0.0576,0.0164,-0.0308,0.0490,0.0254,0.0165,-1.265,0.0914,None
28.0078,-0.0537,0.1262,0.0189,-0.0230,0.1650,0.0614,-0.0662,0.1158,0.0217,-0.0283,0.0580,0.0172,-0.0295,0.0493,0.0262,0.0164,-1.219,0.0913,None
28.0218,-0.0515,0.1268,0.0205,-0.0197,0.1649,0.0623,-0.0640,0.1165,0.0232,-0.0271,0.0583,0.0178,-0.0282,0.0496,0.0269,0.0164,-1.183,0.0912,None
28.0356,-0.0487,0.1273,0.0241,-0.0244,0.1608,0.0572,-0.0615,0.1139,0.0249,-0.0253,0.0583,0.0197,-0.0260,0.0496,0.0287,0.0185,-1.139,0.0897,None
28.0499,-0.0427,0.1280,0.0306,-0.0360,0.1426,0.0423,-0.0526,0.1005,0.0222,-0.0221,0.0582,0.0228,-0.0225,0.0493,0.0317,0.0305,-1.343,0.0793,None
28.0638,-0.0364,0.1285,0.0365,-0.0345,0.1319,0.0390,-0.0437,0.0912,0.0223,-0.0184,0.0574,0.0254,-0.0189,0.0489,0.0343,0.0406,-2.287,0.0712,None
28.0771,-0.0272,0.1292,0.0426,-0.0292,0.1237,0.0421,-0.0318,0.0816,0.0252,-0.0140,0.0557,0.0292,-0.0147,0.0474,0.0381,0.0508,-3.250,0.0614,None
28.0915,-0.0202,0.1297,0.0462,-0.0257,0.1201,0.0512,-0.0201,0.0706,0.0282,-0.0110,0.0519,0.0326,-0.0121,0.0447,0.0420,0.0618,-3.700,0.0496,None
28.1051,-0.0142,0.1296,0.0496,-0.0222,0.1167,0.0590,-0.0129,0.0647,0.0313,-0.0082,0.0485,0.0352,-0.0105,0.0410,0.0455,0.0675,-4.598,0.0436,None
28.1187,-0.0161,0.1263,0.0569,-0.0230,0.1132,0.0661,-0.0106,0.0608,0.0342,-0.0079,0.0458,0.0375,-0.0103,0.0373,0.0482,0.0695,-4.940,0.0406,None
28.1330,-0.0207,0.1229,0.0623,-0.0264,0.1101,0.0715,-0.0122,0.0587,0.0366,-0.0091,0.0439,0.0393,-0.0108,0.0347,0.0498,0.0697,-4.758,0.0402,None
28.1467,-0.0240,0.1207,0.0652,-0.0259,0.1163,0.0847,-0.0137,0.0575,0.0380,-0.0101,0.0427,0.0403,-0.0111,0.0332,0.0506,0.0697,-4.955,0.0402,None
28.1608,-0.0267,0.1185,0.0682,-0.0243,0.1185,0.0932,-0.0147,0.0562,0.0393,-0.0108,0.0415,0.0413,-0.0113,0.0318,0.0514,0.0697,-4.811,0.0401,None
28.1747,-0.0275,0.1176,0.0693,-0.0225,0.1200,0.0971,-0.0151,0.0558,0.0397,-0.0112,0.0411,0.0416,-0.0114,0.0313,0.0516,0.0696,-4.942,0.0401,None
28.1885,-0.0274,0.1175,0.0694,-0.0217,0.1213,0.0980,-0.0152,0.0559,0.0396,-0.0114,0.0412,0.0415,-0.0117,0.0314,0.0515,0.0695,-4.996,0.0401,None
28.2024,-0.0273,0.1168,0.0703,-0.0212,0.1219,0.0988,-0.0153,0.0559,0.0396,-0.0117,0.0411,0.0415,-0.0121,0.0314,0.0515,0.0693,-4.956,0.0400,None
28.2165,-0.0258,0.1161,0.0712,-0.0210,0.1227,0.0980,-0.0151,0.0562,0.0391,-0.0118,0.0414,0.0412,-0.0129,0.0319,0.0512,0.0689,-4.841,0.0399,None
28.2302,-0.0213,0.1162,0.0721,-0.0211,0.1236,0.0970,-0.0150,0.0566,0.0385,-0.0121,0.0417,0.0408,-0.0135,0.0323,0.0509,0.0687,-4.996,0.0398,None
28.2441,-0.0173,0.1157,0.0731,-0.0212,0.1243,0.0963,-0.0146,0.0569,0.0381,-0.0123,0.0420,0.0404,-0.0138,0.0327,0.0507,0.0684,-4.884,0.0394,None
28.2578,-0.0161,0.1140,0.0741,-0.0216,0.1250,0.0956,-0.0143,0.0572,0.0377,-0.0126,0.0422,0.0401,-0.0144,0.0329,0.0503,0.0675,-4.853,0.0389,None
28.2722,-0.0163,0.1124,0.0748,-0.0204,0.1265,0.0961,-0.0142,0.0574,0.0373,-0.0129,0.0424,0.0398,-0.0149,0.0331,0.0500,0.0665,-4.564,0.0387,None
28.2859,-0.0165,0.1111,0.0753,-0.0189,0.1278,0.0968,-0.0141,0.0576,0.0371,-0.0131,0.0425,0.0395,-0.0153,0.0332,0.0497,0.0658,-4.777,0.0385,None
28.2994,-0.0166,0.1105,0.0753,-0.0184,0.1285,0.0971,-0.0141,0.0577,0.0369,-0.0132,0.0426,0.0394,-0.0155,0.0332,0.0494,0.0654,-4.745,0.0383,None
28.3136,-0.0169,0.1105,0.0751,-0.0187,0.1287,0.0968,-0.0141,0.0578,0.0367,-0.0134,0.0427,0.0392,-0.0155,0.0329,0.0490,0.0653,-4.515,0.0382,None
28.3274,-0.0171,0.1105,0.0748,-0.0191,0.1289,0.0966,-0.0142,0.0578,0.0365,-0.0136,0.0427,0.0390,-0.0156,0.0326,0.0485,0.0653,-4.675,0.0381,None
28.3414,-0.0174,0.1106,0.0746,-0.0194,0.1291,0.0963,-0.0143,0.0579,0.0363,-0.0138,0.0428,0.0388,-0.0158,0.0327,0.0483,0.0652,-4.598,0.0381,None
28.3551,-0.0178,0.1106,0.0744,-0.0200,0.1293,0.0960,-0.0145,0.0580,0.0361,-0.0141,0.0428,0.0386,-0.0161,0.0327,0.0481,0.0652,-4.668,0.0380,None
28.3688,-0.0184,0.1106,0.0742,-0.0207,0.1294,0.0957,-0.0147,0.0580,0.0359,-0.0144,0.0429,0.0384,-0.0165,0.0327,0.0479,0.0652,-4.687,0.0380,None
28.3828,-0.0191,0.1106,0.0739,-0.0215,0.1295,0.0954,-0.0150,0.0580,0.0357,-0.0148,0.0429,0.0382,-0.0169,0.0327,0.0476,0.0652,-4.582,0.0379,None
28.3964,-0.0198,0.1106,0.0737,-0.0224,0.1296,0.0950,-0.0153,0.0581,0.0355,-0.0152,0.0429,0.0380,-0.0173,0.0327,0.0474,0.0651,-4.724,0.0379,None
28.4106,-0.0209,0.1108,0.0731,-0.0238,0.1300,0.0941,-0.0158,0.0582,0.0350,-0.0158,0.0431,0.0376,-0.0179,0.0329,0.0470,0.0651,-4.520,0.0379,None
28.4246,-0.0221,0.1110,0.0723,-0.0253,0.1303,0.0931,-0.0163,0.0584,0.0345,-0.0164,0.0432,0.0372,-0.0186,0.0331,0.0465,0.0651,-4.605,0.0379,None
28.4383,-0.0242,0.1113,0.0712,-0.0280,0.1307,0.0918,-0.0176,0.0586,0.0339,-0.0176,0.0435,0.0366,-0.0198,0.0333,0.0459,0.0649,-4.725,0.0381,None
28.4524,-0.0284,0.1119,0.0687,-0.0330,0.1316,0.0892,-0.0246,0.0627,0.0347,-0.0200,0.0440,0.0353,-0.0224,0.0339,0.0444,0.0600,-4.527,0.0430,None
28.4662,-0.0342,0.1129,0.0650,-0.0309,0.1369,0.0933,-0.0392,0.0733,0.0391,-0.0297,0.0500,0.0358,-0.0294,0.0359,0.0407,0.0476,-4.275,0.0561,None
28.4802,-0.0398,0.1151,0.0600,-0.0322,0.1401,0.0946,-0.0490,0.0804,0.0409,-0.0380,0.0550,0.0353,-0.0371,0.0400,0.0374,0.0407,-3.306,0.0643,None
28.4940,-0.0511,0.1153,0.0514,-0.0300,0.1442,0.0983,-0.0605,0.0906,0.0457,-0.0488,0.0614,0.0346,-0.0476,0.0478,0.0348,0.0270,-2.619,0.0753,None
28.5078,-0.0603,0.1144,0.0430,-0.0292,0.1474,0.0989,-0.0681,0.0958,0.0458,-0.0585,0.0663,0.0325,-0.0556,0.0525,0.0333,0.0203,-1.698,0.0814,None
28.5217,-0.0674,0.1128,0.0355,-0.0304,0.1498,0.0984,-0.0739,0.0986,0.0440,-0.0653,0.0693,0.0299,-0.0613,0.0554,0.0313,0.0177,-1.413,0.0848,None
28.5354,-0.0704,0.1120,0.0328,-0.0307,0.1526,0.0948,-0.0774,0.1010,0.0435,-0.0670,0.0692,0.0282,-0.0620,0.0551,0.0300,0.0169,-1.313,0.0878,None
28.5497,-0.0731,0.1089,0.0361,-0.0279,0.1555,0.0908,-0.0775,0.1048,0.0447,-0.0657,0.0698,0.0278,-0.0606,0.0557,0.0299,0.0105,-0.818,0.0903,None
28.5636,-0.0751,0.1063,0.0387,-0.0261,0.1579,0.0870,-0.0780,0.1044,0.0413,-0.0610,0.0631,0.0216,-0.0552,0.0498,0.0251,0.0044,-0.483,0.0905,None
28.5771,-0.0736,0.1074,0.0386,-0.0350,0.1572,0.0770,-0.0768,0.1004,0.0346,-0.0555,0.0583,0.0177,-0.0454,0.0436,0.0232,0.0087,-0.424,0.0884,None
28.5915,-0.0714,0.1092,0.0376,-0.0410,0.1554,0.0684,-0.0748,0.0978,0.0303,-0.0485,0.0547,0.0163,-0.0376,0.0410,0.0246,0.0139,-0.732,0.0865,None
28.6053,-0.0695,0.1108,0.0366,-0.0423,0.1549,0.0628,-0.0730,0.0969,0.0276,-0.0421,0.0526,0.0163,-0.0325,0.0403,0.0262,0.0170,-1.095,0.0855,None
28.6189,-0.0681,0.1117,0.0362,-0.0418,0.1551,0.0599,-0.0719,0.0978,0.0275,-0.0395,0.0526,0.0169,-0.0304,0.0406,0.0271,0.0169,-1.295,0.0855,None
28.6330,-0.0670,0.1123,0.0366,-0.0401,0.1557,0.0592,-0.0709,0.0983,0.0281,-0.0386,0.0528,0.0174,-0.0296,0.0410,0.0274,0.0168,-1.237,0.0855,None
28.6466,-0.0661,0.1125,0.0372,-0.0387,0.1560,0.0593,-0.0702,0.0986,0.0290,-0.0381,0.0530,0.0179,-0.0291,0.0412,0.0278,0.0166,-1.269,0.0855,None
28.6606,-0.0654,0.1128,0.0376,-0.0374,0.1563,0.0593,-0.0695,0.0989,0.0297,-0.0377,0.0532,0.0183,-0.0286,0.0414,0.0282,0.0165,-1.209,0.0855,None
28.6745,-0.0648,0.1129,0.0380,-0.0364,0.1566,0.0594,-0.0690,0.0992,0.0303,-0.0373,0.0534,0.0187,-0.0282,0.0415,0.0286,0.0163,-1.187,0.0856,None
28.6886,-0.0645,0.1130,0.0382,-0.0355,0.1568,0.0593,-0.0686,0.0994,0.0308,-0.0371,0.0535,0.0190,-0.0279,0.0417,0.0288,0.0160,-1.153,0.0856,None
28.7023,-0.0642,0.1131,0.0383,-0.0347,0.1571,0.0593,-0.0683,0.0996,0.0313,-0.0369,0.0536,0.0192,-0.0276,0.0418,0.0291,0.0158,-1.165,0.0857,None
28.7160,-0.0641,0.1133,0.0380,-0.0342,0.1575,0.0587,-0.0681,0.0999,0.0314,-0.0368,0.0538,0.0193,-0.0274,0.0421,0.0291,0.0154,-1.132,0.0858,None
28.7301,-0.0639,0.1135,0.0375,-0.0336,0.1580,0.0578,-0.0679,0.1004,0.0314,-0.0368,0.0541,0.0193,-0.0272,0.0424,0.0291,0.0150,-1.077,0.0860,None
28.7440,-0.0637,0.1138,0.0370,-0.0329,0.1585,0.0568,-0.0676,0.1009,0.0314,-0.0367,0.0545,0.0192,-0.0270,0.0427,0.0291,0.0146,-1.075,0.0861,None
28.7577,-0.0632,0.1143,0.0361,-0.0320,0.1593,0.0554,-0.0671,0.1017,0.0311,-0.0365,0.0549,0.0190,-0.0266,0.0432,0.0289,0.0142,-1.074,0.0863,None
28.7718,-0.0626,0.1152,0.0345,-0.0309,0.1603,0.0529,-0.0665,0.1027,0.0300,-0.0362,0.0554,0.0183,-0.0263,0.0439,0.0284,0.0139,-1.038,0.0864,None
28.7856,-0.0620,0.1160,0.0328,-0.0299,0.1613,0.0502,-0.0659,0.1037,0.0288,-0.0359,0.0560,0.0177,-0.0259,0.0445,0.0279,0.0135,-1.054,0.0866,None
28.7993,-0.0614,0.1169,0.0304,-0.0289,0.1626,0.0465,-0.0653,0.1048,0.0269,-0.0355,0.0566,0.0166,-0.0256,0.0453,0.0270,0.0132,-1.058,0.0867,None
28.8136,-0.0616,0.1175,0.0278,-0.0291,0.1635,0.0427,-0.0654,0.1055,0.0248,-0.0355,0.0569,0.0154,-0.0255,0.0460,0.0262,0.0129,-0.957,0.0869,None
28.8271,-0.0619,0.1176,0.0263,-0.0294,0.1640,0.0403,-0.0657,0.1059,0.0236,-0.0355,0.0571,0.0148,-0.0256,0.0463,0.0256,0.0126,-0.956,0.0870,None
28.8411,-0.0623,0.1177,0.0249,-0.0299,0.1643,0.0379,-0.0659,0.1063,0.0225,-0.0356,0.0572,0.0141,-0.0256,0.0467,0.0251,0.0123,-0.901,0.0871,None
28.8550,-0.0629,0.1175,0.0242,-0.0308,0.1643,0.0366,-0.0664,0.1064,0.0220,-0.0358,0.0572,0.0139,-0.0258,0.0468,0.0249,0.0119,-0.852,0.0873,None
28.8691,-0.0634,0.1173,0.0241,-0.0316,0.1642,0.0359,-0.0668,0.1064,0.0220,-0.0359,0.0572,0.0139,-0.0259,0.0469,0.0249,0.0116,-0.798,0.0874,None
28.8829,-0.0639,0.1170,0.0239,-0.0323,0.1641,0.0352,-0.0672,0.1064,0.0219,-0.0359,0.0571,0.0138,-0.0260,0.0469,0.0249,0.0113,-0.799,0.0875,None
28.8967,-0.0642,0.1168,0.0241,-0.0326,0.1640,0.0352,-0.0674,0.1065,0.0222,-0.0354,0.0569,0.0140,-0.0259,0.0469,0.0251,0.0109,-0.785,0.0876,None
28.9107,-0.0646,0.1165,0.0243,-0.0332,0.1637,0.0352,-0.0676,0.1064,0.0226,-0.0349,0.0566,0.0143,-0.0260,0.0469,0.0253,0.0107,-0.724,0.0877,None
28.9244,-0.0650,0.1162,0.0245,-0.0339,0.1633,0.0351,-0.0679,0.1064,0.0228,-0.0344,0.0563,0.0145,-0.0260,0.0468,0.0255,0.0104,-0.720,0.0877,None
28.9382,-0.0654,0.1159,0.0251,-0.0348,0.1625,0.0351,-0.0681,0.1062,0.0234,-0.0343,0.0562,0.0148,-0.0259,0.0467,0.0257,0.0101,-0.665,0.0878,None
28.9522,-0.0657,0.1156,0.0252,-0.0370,0.1604,0.0342,-0.0683,0.1060,0.0236,-0.0342,0.0560,0.0149,-0.0259,0.0466,0.0259,0.0101,-0.602,0.0877,None
28.9663,-0.0660,0.1153,0.0254,-0.0386,0.1586,0.0335,-0.0685,0.1056,0.0237,-0.0341,0.0559,0.0150,-0.0260,0.0465,0.0261,0.0102,-0.602,0.0876,None
28.9801,-0.0643,0.1166,0.0249,-0.0430,0.1479,0.0279,-0.0620,0.0956,0.0185,-0.0318,0.0556,0.0152,-0.0243,0.0466,0.0265,0.0220,-0.778,0.0781,None
28.9938,-0.0578,0.1225,0.0166,-0.0476,0.1304,0.0202,-0.0467,0.0806,0.0123,-0.0303,0.0562,0.0154,-0.0233,0.0469,0.0267,0.0435,-1.945,0.0610,None
29.0075,-0.0489,0.1272,0.0147,-0.0452,0.1220,0.0188,-0.0294,0.0706,0.0110,-0.0285,0.0565,0.0166,-0.0221,0.0468,0.0279,0.0600,-3.548,0.0449,None
29.0218,-0.0390,0.1308,0.0165,-0.0407,0.1180,0.0202,-0.0192,0.0671,0.0126,-0.0261,0.0568,0.0183,-0.0195,0.0466,0.0301,0.0668,-4.428,0.0375,None
29.0353,-0.0361,0.1307,0.0225,-0.0388,0.1178,0.0263,-0.0151,0.0657,0.0162,-0.0251,0.0560,0.0211,-0.0183,0.0452,0.0332,0.0686,-5.009,0.0345,None
29.0499,-0.0383,0.1288,0.0292,-0.0388,0.1212,0.0364,-0.0157,0.0643,0.0198,-0.0258,0.0542,0.0240,-0.0192,0.0430,0.0357,0.0689,-4.641,0.0340,None
29.0634,-0.0407,0.1264,0.0359,-0.0371,0.1318,0.0537,-0.0168,0.0628,0.0232,-0.0265,0.0521,0.0269,-0.0203,0.0405,0.0380,0.0691,-5.044,0.0338,None
29.0771,-0.0451,0.1233,0.0411,-0.0336,0.1411,0.0729,-0.0189,0.0611,0.0260,-0.0280,0.0498,0.0291,-0.0221,0.0379,0.0396,0.0691,-4.890,0.0337,None
29.0912,-0.0481,0.1214,0.0433,-0.0340,0.1424,0.0806,-0.0204,0.0602,0.0271,-0.0292,0.0484,0.0299,-0.0235,0.0366,0.0402,0.0691,-4.784,0.0338,None
29.1054,-0.0511,0.1195,0.0453,-0.0359,0.1414,0.0859,-0.0219,0.0592,0.0282,-0.0303,0.0471,0.0306,-0.0248,0.0352,0.0407,0.0692,-4.761,0.0338,None
29.1189,-0.0520,0.1196,0.0442,-0.0373,0.1415,0.0854,-0.0225,0.0593,0.0277,-0.0307,0.0471,0.0300,-0.0256,0.0352,0.0403,0.0691,-5.079,0.0338,None
29.1329,-0.0526,0.1204,0.0413,-0.0394,0.1423,0.0827,-0.0231,0.0597,0.0263,-0.0312,0.0475,0.0285,-0.0267,0.0357,0.0390,0.0691,-4.967,0.0339,None
29.1466,-0.0532,0.1210,0.0386,-0.0415,0.1429,0.0802,-0.0237,0.0601,0.0251,-0.0317,0.0478,0.0271,-0.0277,0.0361,0.0379,0.0691,-5.086,0.0340,None
29.1606,-0.0542,0.1218,0.0349,-0.0443,0.1438,0.0767,-0.0246,0.0605,0.0233,-0.0326,0.0481,0.0252,-0.0291,0.0366,0.0362,0.0691,-4.938,0.0342,None
29.1743,-0.0558,0.1221,0.0311,-0.0480,0.1444,0.0731,-0.0272,0.0603,0.0206,-0.0337,0.0482,0.0232,-0.0309,0.0368,0.0342,0.0689,-5.129,0.0358,None
29.1883,-0.0589,0.1216,0.0271,-0.0532,0.1445,0.0693,-0.0325,0.0601,0.0170,-0.0360,0.0480,0.0206,-0.0343,0.0368,0.0306,0.0677,-5.001,0.0395,None
29.2022,-0.0618,0.1210,0.0231,-0.0563,0.1458,0.0674,-0.0413,0.0619,0.0130,-0.0388,0.0477,0.0175,-0.0372,0.0368,0.0273,0.0634,-4.938,0.0465,None
29.2160,-0.0661,0.1197,0.0176,-0.0581,0.1489,0.0673,-0.0694,0.0799,0.0150,-0.0431,0.0476,0.0137,-0.0437,0.0376,0.0216,0.0400,-4.608,0.0706,None
29.2300,-0.0709,0.1175,0.0119,-0.0610,0.1513,0.0664,-0.0862,0.0956,0.0214,-0.0617,0.0564,0.0094,-0.0599,0.0454,0.0155,0.0284,-2.795,0.0862,None
29.2437,-0.0752,0.1152,0.0063,-0.0656,0.1524,0.0634,-0.0945,0.1014,0.0220,-0.0735,0.0620,0.0069,-0.0695,0.0507,0.0122,0.0285,-2.013,0.0925,None
29.2575,-0.0795,0.1118,0.0008,-0.0702,0.1537,0.0586,-0.1006,0.1041,0.0192,-0.0860,0.0682,0.0045,-0.0784,0.0548,0.0096,0.0291,-2.145,0.0962,None
29.2716,-0.0878,0.1043,0.0019,-0.0734,0.1549,0.0519,-0.1028,0.1032,0.0137,-0.0871,0.0668,0.0004,-0.0794,0.0538,0.0063,0.0192,-1.585,0.0962,None
29.2856,-0.0940,0.0975,0.0025,-0.0765,0.1557,0.0456,-0.1048,0.1019,0.0084,-0.0881,0.0652,-0.0034,-0.0804,0.0527,0.0031,0.0131,-1.045,0.0962,None
29.2992,-0.0962,0.0949,0.0025,-0.0765,0.1573,0.0399,-0.1055,0.1010,0.0062,-0.0883,0.0637,-0.0041,-0.0803,0.0518,0.0029,0.0117,-0.715,0.0960,None
29.3135,-0.0962,0.0949,0.0013,-0.0752,0.1590,0.0350,-0.1041,0.0956,0.0010,-0.0760,0.0537,-0.0063,-0.0716,0.0472,0.0035,0.0080,-0.710,0.0937,None
29.3269,-0.0955,0.0955,-0.0002,-0.0734,0.1608,0.0303,-0.1017,0.0893,-0.0047,-0.0624,0.0469,-0.0053,-0.0579,0.0408,0.0055,0.0098,-1.078,0.0909,None
29.3411,-0.0951,0.0958,-0.0021,-0.0721,0.1622,0.0255,-0.0999,0.0850,-0.0085,-0.0543,0.0444,-0.0036,-0.0503,0.0386,0.0079,0.0135,-1.296,0.0890,None
29.3547,-0.0943,0.0965,-0.0044,-0.0716,0.1627,0.0200,-0.0987,0.0844,-0.0109,-0.0492,0.0438,-0.0027,-0.0455,0.0384,0.0095,0.0145,-1.862,0.0886,None
29.3687,-0.0933,0.0973,-0.0065,-0.0709,0.1630,0.0154,-0.0978,0.0852,-0.0127,-0.0481,0.0441,-0.0034,-0.0440,0.0392,0.0096,0.0143,-1.874,0.0886,None
29.3828,-0.0924,0.0979,-0.0088,-0.0701,0.1633,0.0109,-0.0970,0.0858,-0.0146,-0.0473,0.0445,-0.0042,-0.0429,0.0399,0.0092,0.0141,-1.756,0.0886,None
29.3964,-0.0925,0.0973,-0.0116,-0.0691,0.1639,0.0069,-0.0964,0.0861,-0.0168,-0.0468,0.0446,-0.0053,-0.0425,0.0403,0.0084,0.0129,-1.678,0.0887,None
29.4106,-0.0920,0.0974,-0.0147,-0.0683,0.1644,0.0024,-0.0959,0.0863,-0.0193,-0.0463,0.0446,-0.0065,-0.0421,0.0407,0.0074,0.0126,-1.578,0.0888,None
29.4247,-0.0915,0.0975,-0.0182,-0.0677,0.1644,-0.0024,-0.0963,0.0876,-0.0217,-0.0458,0.0446,-0.0078,-0.0417,0.0411,0.0063,0.0115,-1.537,0.0899,None
29.4381,-0.0911,0.0974,-0.0204,-0.0680,0.1636,-0.0066,-0.0973,0.0897,-0.0230,-0.0453,0.0446,-0.0086,-0.0413,0.0414,0.0057,0.0103,-1.535,0.0916,None
29.4524,-0.0906,0.0975,-0.0220,-0.0682,0.1627,-0.0102,-0.0977,0.0911,-0.0240,-0.0449,0.0446,-0.0092,-0.0409,0.0417,0.0052,0.0097,-1.242,0.0927,None
29.4658,-0.0902,0.0975,-0.0237,-0.0683,0.1620,-0.0136,-0.0978,0.0922,-0.0252,-0.0444,0.0446,-0.0098,-0.0404,0.0420,0.0047,0.0094,-1.234,0.0935,None
29.4797,-0.0894,0.0980,-0.0244,-0.0665,0.1625,-0.0156,-0.0970,0.0930,-0.0256,-0.0437,0.0450,-0.0099,-0.0397,0.0426,0.0046,0.0092,-1.063,0.0935,None
29.4937,-0.0880,0.0995,-0.0235,-0.0635,0.1636,-0.0159,-0.0957,0.0946,-0.0244,-0.0428,0.0457,-0.0093,-0.0385,0.0434,0.0052,0.0091,-1.036,0.0935,None
29.5077,-0.0869,0.1008,-0.0219,-0.0610,0.1647,-0.0150,-0.0945,0.0960,-0.0224,-0.0420,0.0465,-0.0084,-0.0374,0.0441,0.0060,0.0090,-1.034,0.0934,None
29.5219,-0.0858,0.1020,-0.0205,-0.0584,0.1656,-0.0144,-0.0933,0.0973,-0.0207,-0.0412,0.0471,-0.0076,-0.0363,0.0448,0.0068,0.0089,-1.004,0.0933,None
29.5355,-0.0877,0.1004,-0.0179,-0.0560,0.1666,-0.0119,-0.0921,0.0983,-0.0166,-0.0405,0.0479,-0.0057,-0.0351,0.0455,0.0084,0.0051,-0.780,0.0929,None
29.5495,-0.0839,0.1054,-0.0183,-0.0558,0.1636,-0.0092,-0.0806,0.0884,-0.0151,-0.0384,0.0497,-0.0037,-0.0331,0.0467,0.0102,0.0176,-0.937,0.0821,None
29.5631,-0.0796,0.1102,-0.0192,-0.0561,0.1593,-0.0071,-0.0712,0.0842,-0.0128,-0.0362,0.0513,-0.0019,-0.0310,0.0479,0.0118,0.0281,-2.006,0.0749,None
29.5771,-0.0751,0.1140,-0.0188,-0.0586,0.1505,-0.0073,-0.0519,0.0711,-0.0125,-0.0340,0.0526,-0.0007,-0.0297,0.0486,0.0129,0.0492,-2.588,0.0575,None
29.5913,-0.0719,0.1166,-0.0190,-0.0593,0.1479,-0.0067,-0.0379,0.0654,-0.0105,-0.0332,0.0530,0.0001,-0.0287,0.0490,0.0141,0.0620,-3.888,0.0449,None
29.6053,-0.0663,0.1206,-0.0195,-0.0590,0.1465,-0.0057,-0.0310,0.0638,-0.0089,-0.0323,0.0534,0.0008,-0.0279,0.0493,0.0156,0.0677,-4.842,0.0393,None
29.6188,-0.0672,0.1203,-0.0191,-0.0604,0.1461,-0.0049,-0.0302,0.0636,-0.0081,-0.0328,0.0531,0.0012,-0.0282,0.0491,0.0161,0.0686,-5.183,0.0378,None
29.6330,-0.0694,0.1190,-0.0193,-0.0625,0.1467,-0.0042,-0.0312,0.0630,-0.0080,-0.0337,0.0524,0.0013,-0.0291,0.0485,0.0162,0.0687,-4.872,0.0377,None
29.6465,-0.0717,0.1176,-0.0197,-0.0635,0.1502,-0.0026,-0.0323,0.0624,-0.0081,-0.0344,0.0518,0.0014,-0.0302,0.0479,0.0162,0.0688,-5.053,0.0376,None
29.6604,-0.0734,0.1166,-0.0201,-0.0642,0.1525,-0.0015,-0.0331,0.0620,-0.0081,-0.0347,0.0514,0.0017,-0.0309,0.0475,0.0163,0.0689,-4.988,0.0374,None
29.6747,-0.0751,0.1154,-0.0205,-0.0667,0.1513,-0.0019,-0.0338,0.0615,-0.0083,-0.0348,0.0512,0.0020,-0.0316,0.0472,0.0165,0.0690,-4.724,0.0373,None
29.6882,-0.0773,0.1138,-0.0214,-0.0735,0.1441,-0.0050,-0.0350,0.0607,-0.0088,-0.0352,0.0507,0.0020,-0.0325,0.0469,0.0167,0.0691,-5.014,0.0372,None
29.7020,-0.0805,0.1113,-0.0225,-0.0818,0.1310,-0.0105,-0.0362,0.0598,-0.0094,-0.0364,0.0499,0.0017,-0.0340,0.0461,0.0166,0.0692,-5.008,0.0367,None
29.7159,-0.0833,0.1089,-0.0237,-0.0865,0.1207,-0.0146,-0.0380,0.0587,-0.0100,-0.0381,0.0486,0.0011,-0.0360,0.0450,0.0161,0.0690,-4.999,0.0368,None
29.7302,-0.0858,0.1068,-0.0244,-0.0892,0.1145,-0.0166,-0.0423,0.0580,-0.0109,-0.0401,0.0474,0.0005,-0.0410,0.0426,0.0135,0.0668,-4.947,0.0392,None
29.7441,-0.0882,0.1047,-0.0253,-0.0913,0.1091,-0.0186,-0.0544,0.0617,-0.0131,-0.0445,0.0468,-0.0010,-0.0452,0.0405,0.0111,0.0561,-4.964,0.0479,None
29.7574,-0.0891,0.1045,-0.0252,-0.0928,0.1283,-0.0090,-0.0835,0.0755,-0.0156,-0.0568,0.0487,-0.0047,-0.0512,0.0380,0.0075,0.0311,-4.143,0.0729,None
29.7719,-0.0932,0.1006,-0.0265,-0.0927,0.1427,0.0019,-0.1049,0.0931,-0.0107,-0.0696,0.0496,-0.0090,-0.0610,0.0360,0.0011,0.0210,-1.861,0.0918,None
29.7856,-0.0969,0.0966,-0.0280,-0.0943,0.1493,0.0102,-0.1143,0.0984,-0.0076,-0.0784,0.0492,-0.0121,-0.0684,0.0348,-0.0031,0.0269,-1.545,0.0987,None
29.7993,-0.1005,0.0920,-0.0306,-0.0919,0.1563,0.0172,-0.1208,0.0998,-0.0069,-0.0834,0.0475,-0.0144,-0.0744,0.0344,-0.0058,0.0321,-2.267,0.1025,None
29.8135,-0.1033,0.0877,-0.0324,-0.0895,0.1598,0.0166,-0.1233,0.0976,-0.0100,-0.0845,0.0451,-0.0161,-0.0765,0.0335,-0.0069,0.0316,-2.444,0.1028,None
29.8273,-0.1047,0.0845,-0.0337,-0.0891,0.1607,0.0102,-0.1237,0.0960,-0.0142,-0.0814,0.0430,-0.0168,-0.0750,0.0325,-0.0073,0.0295,-2.330,0.1026,None
29.8410,-0.1062,0.0810,-0.0335,-0.0900,0.1601,0.0050,-0.1237,0.0930,-0.0183,-0.0762,0.0411,-0.0163,-0.0707,0.0314,-0.0063,0.0261,-2.135,0.1016,None
29.8551,-0.1059,0.0807,-0.0341,-0.0880,0.1608,0.0015,-0.1198,0.0887,-0.0214,-0.0691,0.0420,-0.0135,-0.0650,0.0329,-0.0028,0.0205,-1.824,0.0977,None
29.8688,-0.1047,0.0821,-0.0343,-0.0845,0.1625,-0.0010,-0.1161,0.0837,-0.0241,-0.0621,0.0425,-0.0113,-0.0594,0.0338,-0.0003,0.0154,-1.450,0.0947,None
29.8829,-0.1037,0.0831,-0.0346,-0.0816,0.1638,-0.0038,-0.1130,0.0788,-0.0263,-0.0558,0.0425,-0.0097,-0.0538,0.0340,0.0018,0.0131,-1.058,0.0922,None
29.8965,-0.1023,0.0849,-0.0344,-0.0829,0.1620,-0.0069,-0.1097,0.0755,-0.0272,-0.0518,0.0422,-0.0090,-0.0502,0.0343,0.0029,0.0139,-0.956,0.0901,None
29.9107,-0.1013,0.0862,-0.0349,-0.0836,0.1604,-0.0087,-0.1073,0.0751,-0.0274,-0.0492,0.0426,-0.0085,-0.0481,0.0350,0.0034,0.0147,-0.991,0.0892,None
29.9248,-0.1007,0.0864,-0.0366,-0.0831,0.1597,-0.0099,-0.1054,0.0754,-0.0273,-0.0471,0.0430,-0.0081,-0.0466,0.0357,0.0038,0.0151,-1.048,0.0886,None
29.9386,-0.0994,0.0877,-0.0379,-0.0802,0.1611,-0.0094,-0.1039,0.0770,-0.0270,-0.0462,0.0439,-0.0079,-0.0458,0.0366,0.0040,0.0159,-1.182,0.0884,None
29.9522,-0.0978,0.0894,-0.0381,-0.0775,0.1624,-0.0090,-0.1025,0.0788,-0.0269,-0.0453,0.0447,-0.0079,-0.0451,0.0374,0.0040,0.0161,-1.228,0.0884,None
29.9660,-0.0963,0.0911,-0.0379,-0.0747,0.1637,-0.0084,-0.1010,0.0805,-0.0267,-0.0445,0.0455,-0.0078,-0.0443,0.0382,0.0041,0.0161,-1.189,0.0884,None
29.9800,-0.0945,0.0930,-0.0377,-0.0716,0.1650,-0.0080,-0.0993,0.0824,-0.0265,-0.0435,0.0463,-0.0077,-0.0435,0.0391,0.0042,0.0161,-1.181,0.0883,None
29.9940,-0.0931,0.0945,-0.0374,-0.0697,0.1656,-0.0076,-0.0980,0.0839,-0.0262,-0.0428,0.0470,-0.0075,-0.0429,0.0397,0.0043,0.0161,-1.118,0.0882,None
30.0077,-0.0921,0.0958,-0.0362,-0.0688,0.1653,-0.0063,-0.0970,0.0854,-0.0252,-0.0422,0.0476,-0.0070,-0.0423,0.0402,0.0048,0.0159,-1.027,0.0883,None
30.0219,-0.0912,0.0970,-0.0350,-0.0677,0.1653,-0.0049,-0.0959,0.0869,-0.0241,-0.0415,0.0481,-0.0065,-0.0417,0.0406,0.0053,0.0156,-0.972,0.0884,None
30.0356,-0.0887,0.0999,-0.0338,-0.0648,0.1664,-0.0007,-0.0927,0.0842,-0.0228,-0.0407,0.0489,-0.0051,-0.0408,0.0412,0.0065,0.0196,-1.035,0.0861,None
30.0496,-0.0831,0.1059,-0.0300,-0.0714,0.1555,-0.0024,-0.0761,0.0721,-0.0218,-0.0384,0.0508,-0.0028,-0.0389,0.0427,0.0085,0.0355,-1.484,0.0728,None
30.0635,-0.0762,0.1124,-0.0256,-0.0705,0.1489,-0.0008,-0.0616,0.0672,-0.0184,-0.0359,0.0525,-0.0003,-0.0368,0.0442,0.0107,0.0480,-2.690,0.0626,None
30.0769,-0.0637,0.1226,-0.0138,-0.0719,0.1292,-0.0043,-0.0433,0.0624,-0.0115,-0.0333,0.0530,0.0033,-0.0349,0.0448,0.0140,0.0636,-4.050,0.0484,None
30.0912,-0.0612,0.1243,-0.0032,-0.0707,0.1160,-0.0033,-0.0369,0.0609,-0.0060,-0.0322,0.0519,0.0067,-0.0344,0.0441,0.0173,0.0680,-4.488,0.0426,None
30.1050,-0.0596,0.1247,0.0059,-0.0687,0.1099,0.0003,-0.0341,0.0609,-0.0014,-0.0313,0.0509,0.0098,-0.0337,0.0434,0.0205,0.0691,-4.936,0.0400,None
30.1189,-0.0650,0.1216,0.0101,-0.0734,0.1069,0.0044,-0.0357,0.0594,0.0011,-0.0339,0.0490,0.0114,-0.0344,0.0417,0.0235,0.0694,-4.912,0.0390,None
30.1330,-0.0722,0.1174,0.0115,-0.0797,0.1028,0.0059,-0.0382,0.0576,0.0023,-0.0367,0.0467,0.0120,-0.0363,0.0395,0.0252,0.0694,-4.807,0.0380,None
30.1469,-0.0791,0.1129,0.0118,-0.0878,0.1013,0.0081,-0.0405,0.0559,0.0031,-0.0395,0.0443,0.0122,-0.0388,0.0372,0.0258,0.0694,-4.859,0.0368,None
30.1606,-0.0852,0.1084,0.0120,-0.0958,0.1008,0.0113,-0.0427,0.0542,0.0039,-0.0414,0.0423,0.0130,-0.0411,0.0347,0.0262,0.0694,-4.948,0.0358,None
30.1746,-0.0907,0.1039,0.0125,-0.1040,0.1048,0.0186,-0.0453,0.0520,0.0043,-0.0437,0.0398,0.0131,-0.0434,0.0318,0.0262,0.0694,-4.854,0.0357,None
30.1886,-0.0947,0.1003,0.0130,-0.1095,0.1062,0.0241,-0.0473,0.0502,0.0046,-0.0454,0.0378,0.0132,-0.0452,0.0294,0.0260,0.0695,-4.877,0.0357,None
30.2023,-0.0985,0.0969,0.0131,-0.1143,0.1045,0.0274,-0.0492,0.0483,0.0049,-0.0471,0.0356,0.0131,-0.0469,0.0269,0.0258,0.0697,-4.961,0.0358,None
30.2160,-0.0991,0.0969,0.0130,-0.1152,0.1039,0.0293,-0.0498,0.0477,0.0055,-0.0475,0.0350,0.0135,-0.0473,0.0261,0.0260,0.0701,-5.050,0.0360,None
30.2301,-0.0989,0.0974,0.0122,-0.1150,0.1041,0.0285,-0.0510,0.0469,0.0042,-0.0483,0.0348,0.0126,-0.0475,0.0262,0.0256,0.0701,-4.900,0.0378,None
30.2440,-0.0989,0.0976,0.0117,-0.1150,0.1040,0.0279,-0.0563,0.0453,0.0010,-0.0502,0.0344,0.0112,-0.0481,0.0258,0.0243,0.0683,-4.984,0.0439,None
30.2577,-0.0995,0.0973,0.0084,-0.1161,0.1037,0.0242,-0.0670,0.0453,-0.0032,-0.0549,0.0334,0.0068,-0.0513,0.0252,0.0202,0.0624,-4.844,0.0529,None
30.2719,-0.1015,0.0957,0.0023,-0.1174,0.1118,0.0271,-0.0876,0.0510,-0.0057,-0.0627,0.0324,0.0008,-0.0620,0.0257,0.0127,0.0474,-4.207,0.0676,None
30.2856,-0.1032,0.0939,-0.0037,-0.1184,0.1171,0.0277,-0.0984,0.0549,-0.0076,-0.0715,0.0333,-0.0039,-0.0700,0.0266,0.0075,0.0394,-3.204,0.0750,None
30.2991,-0.1087,0.0857,-0.0135,-0.1164,0.1272,0.0343,-0.1174,0.0653,-0.0049,-0.0825,0.0349,-0.0082,-0.0790,0.0269,0.0015,0.0237,-2.270,0.0889,None
30.3133,-0.1130,0.0767,-0.0214,-0.1127,0.1352,0.0390,-0.1248,0.0696,-0.0045,-0.0840,0.0339,-0.0106,-0.0801,0.0255,-0.0014,0.0218,-1.465,0.0943,None
30.3272,-0.1145,0.0721,-0.0261,-0.1104,0.1395,0.0378,-0.1263,0.0701,-0.0071,-0.0837,0.0332,-0.0125,-0.0800,0.0251,-0.0029,0.0224,-1.821,0.0954,None
30.3410,-0.1154,0.0684,-0.0297,-0.1093,0.1421,0.0349,-0.1271,0.0697,-0.0102,-0.0805,0.0322,-0.0133,-0.0798,0.0246,-0.0045,0.0228,-1.904,0.0959,None
30.3552,-0.1152,0.0675,-0.0316,-0.1082,0.1441,0.0292,-0.1263,0.0703,-0.0134,-0.0751,0.0324,-0.0130,-0.0750,0.0247,-0.0041,0.0214,-1.819,0.0958,None
30.3690,-0.1142,0.0681,-0.0334,-0.1057,0.1468,0.0238,-0.1246,0.0721,-0.0166,-0.0711,0.0335,-0.0130,-0.0673,0.0239,-0.0033,0.0202,-1.709,0.0957,None
30.3829,-0.1134,0.0684,-0.0349,-0.1068,0.1458,0.0150,-0.1225,0.0727,-0.0203,-0.0668,0.0338,-0.0135,-0.0608,0.0235,-0.0024,0.0177,-1.592,0.0951,None
30.3966,-0.1115,0.0704,-0.0369,-0.1072,0.1442,0.0067,-0.1178,0.0700,-0.0253,-0.0621,0.0341,-0.0138,-0.0565,0.0243,-0.0015,0.0132,-1.477,0.0929,None
30.4108,-0.1096,0.0728,-0.0376,-0.1055,0.1439,0.0017,-0.1145,0.0704,-0.0273,-0.0595,0.0352,-0.0137,-0.0546,0.0256,-0.0014,0.0117,-1.084,0.0919,None
30.4246,-0.1077,0.0752,-0.0384,-0.1034,0.1432,-0.0034,-0.1118,0.0718,-0.0288,-0.0573,0.0366,-0.0137,-0.0531,0.0270,-0.0014,0.0110,-1.032,0.0912,None
30.4384,-0.1057,0.0781,-0.0381,-0.0997,0.1448,-0.0048,-0.1095,0.0747,-0.0286,-0.0559,0.0383,-0.0134,-0.0520,0.0288,-0.0011,0.0108,-0.932,0.0910,None
30.4525,-0.1031,0.0817,-0.0379,-0.0948,0.1479,-0.0040,-0.1069,0.0781,-0.0279,-0.0543,0.0402,-0.0128,-0.0503,0.0307,-0.0002,0.0113,-0.927,0.0908,None
30.4662,-0.1001,0.0858,-0.0372,-0.0894,0.1513,-0.0018,-0.1040,0.0820,-0.0263,-0.0525,0.0424,-0.0118,-0.0487,0.0326,0.0008,0.0121,-0.973,0.0907,None
30.4799,-0.0969,0.0899,-0.0364,-0.0838,0.1544,0.0004,-0.1010,0.0859,-0.0248,-0.0506,0.0445,-0.0107,-0.0471,0.0345,0.0018,0.0129,-1.022,0.0906,None
30.4941,-0.0934,0.0948,-0.0333,-0.0773,0.1577,0.0054,-0.0976,0.0906,-0.0213,-0.0484,0.0469,-0.0087,-0.0454,0.0365,0.0033,0.0134,-0.901,0.0906,None
30.5081,-0.0902,0.0992,-0.0288,-0.0716,0.1599,0.0119,-0.0944,0.0947,-0.0168,-0.0466,0.0489,-0.0063,-0.0439,0.0380,0.0052,0.0134,-0.779,0.0905,None
30.5218,-0.0868,0.1034,-0.0241,-0.0656,0.1617,0.0184,-0.0909,0.0985,-0.0123,-0.0447,0.0508,-0.0039,-0.0423,0.0395,0.0072,0.0135,-0.812,0.0904,None
30.5356,-0.0830,0.1077,-0.0191,-0.0600,0.1626,0.0253,-0.0855,0.0995,-0.0080,-0.0427,0.0524,-0.0012,-0.0407,0.0407,0.0095,0.0140,-0.766,0.0880,None
30.5498,-0.0772,0.1128,-0.0136,-0.0671,0.1463,0.0149,-0.0630,0.0798,-0.0103,-0.0401,0.0543,0.0016,-0.0387,0.0421,0.0117,0.0361,-0.823,0.0675,None
30.5638,-0.0642,0.1225,-0.0079,-0.0643,0.1361,0.0111,-0.0488,0.0732,-0.0073,-0.0375,0.0558,0.0043,-0.0363,0.0434,0.0146,0.0517,-2.745,0.0571,None
30.5774,-0.0537,0.1283,0.0008,-0.0589,0.1231,0.0061,-0.0332,0.0678,-0.0016,-0.0351,0.0568,0.0070,-0.0335,0.0444,0.0186,0.0640,-4.044,0.0449,None
30.5915,-0.0527,0.1282,0.0080,-0.0565,0.1206,0.0094,-0.0273,0.0662,0.0032,-0.0342,0.0566,0.0094,-0.0324,0.0441,0.0221,0.0672,-4.582,0.0398,None
30.6051,-0.0515,0.1277,0.0147,-0.0545,0.1197,0.0135,-0.0239,0.0655,0.0071,-0.0330,0.0559,0.0116,-0.0318,0.0438,0.0249,0.0684,-4.901,0.0370,None
30.6191,-0.0560,0.1252,0.0169,-0.0585,0.1178,0.0149,-0.0256,0.0645,0.0083,-0.0341,0.0538,0.0123,-0.0334,0.0424,0.0254,0.0684,-4.879,0.0365,None
30.6331,-0.0624,0.1221,0.0165,-0.0648,0.1154,0.0153,-0.0289,0.0630,0.0083,-0.0362,0.0517,0.0126,-0.0358,0.0405,0.0253,0.0684,-4.779,0.0364,None
30.6469,-0.0681,0.1191,0.0158,-0.0734,0.1293,0.0307,-0.0318,0.0616,0.0080,-0.0385,0.0498,0.0124,-0.0378,0.0389,0.0251,0.0684,-4.814,0.0363,None
30.6609,-0.0727,0.1164,0.0154,-0.0767,0.1360,0.0418,-0.0342,0.0603,0.0079,-0.0404,0.0482,0.0123,-0.0395,0.0374,0.0249,0.0684,-4.711,0.0363,None
30.6749,-0.0762,0.1142,0.0148,-0.0794,0.1383,0.0474,-0.0360,0.0593,0.0077,-0.0418,0.0469,0.0121,-0.0408,0.0361,0.0246,0.0685,-4.762,0.0363,None
30.6886,-0.0785,0.1128,0.0141,-0.0823,0.1376,0.0483,-0.0373,0.0585,0.0074,-0.0427,0.0459,0.0117,-0.0418,0.0353,0.0243,0.0685,-4.877,0.0364,None
30.7024,-0.0808,0.1113,0.0134,-0.0853,0.1364,0.0486,-0.0386,0.0577,0.0072,-0.0437,0.0449,0.0114,-0.0429,0.0343,0.0239,0.0685,-4.851,0.0365,None
30.7161,-0.0819,0.1106,0.0128,-0.0874,0.1351,0.0479,-0.0394,0.0573,0.0068,-0.0443,0.0444,0.0110,-0.0437,0.0337,0.0234,0.0685,-4.964,0.0367,None
30.7304,-0.0822,0.1105,0.0121,-0.0886,0.1345,0.0472,-0.0413,0.0565,0.0051,-0.0447,0.0442,0.0104,-0.0443,0.0335,0.0226,0.0681,-4.739,0.0388,None
30.7442,-0.0825,0.1104,0.0115,-0.0898,0.1338,0.0465,-0.0452,0.0562,0.0021,-0.0451,0.0440,0.0098,-0.0452,0.0331,0.0212,0.0665,-4.894,0.0432,None
30.7578,-0.0823,0.1107,0.0105,-0.0906,0.1326,0.0441,-0.0621,0.0628,-0.0027,-0.0480,0.0446,0.0071,-0.0527,0.0378,0.0177,0.0537,-4.849,0.0585,None
30.7721,-0.0831,0.1104,0.0077,-0.0924,0.1323,0.0414,-0.0789,0.0753,-0.0001,-0.0592,0.0508,0.0044,-0.0621,0.0433,0.0139,0.0362,-3.667,0.0715,None
30.7859,-0.0839,0.1100,0.0049,-0.0924,0.1346,0.0432,-0.0865,0.0819,0.0017,-0.0670,0.0557,0.0030,-0.0687,0.0471,0.0111,0.0285,-2.532,0.0777,None
30.7994,-0.0854,0.1089,0.0004,-0.0922,0.1383,0.0470,-0.0968,0.0912,0.0052,-0.0721,0.0588,0.0017,-0.0728,0.0485,0.0081,0.0216,-1.987,0.0864,None
30.8136,-0.0871,0.1074,-0.0042,-0.0914,0.1418,0.0502,-0.1044,0.0978,0.0073,-0.0749,0.0596,-0.0007,-0.0738,0.0476,0.0049,0.0229,-1.506,0.0931,None
30.8274,-0.0887,0.1058,-0.0082,-0.0908,0.1447,0.0507,-0.1075,0.0991,0.0054,-0.0755,0.0587,-0.0032,-0.0742,0.0468,0.0028,0.0242,-1.746,0.0952,None
30.8412,-0.0902,0.1041,-0.0120,-0.0902,0.1474,0.0511,-0.1097,0.0992,0.0024,-0.0760,0.0576,-0.0056,-0.0746,0.0459,0.0007,0.0248,-1.868,0.0964,None
30.8549,-0.0903,0.1034,-0.0150,-0.0884,0.1503,0.0479,-0.1093,0.0995,-0.0005,-0.0727,0.0563,-0.0061,-0.0713,0.0447,0.0009,0.0242,-1.942,0.0963,None
30.8692,-0.0917,0.1018,-0.0156,-0.0856,0.1533,0.0433,-0.1077,0.1008,-0.0032,-0.0655,0.0536,-0.0060,-0.0647,0.0421,0.0014,0.0203,-1.595,0.0961,None
30.8832,-0.0933,0.0998,-0.0155,-0.0830,0.1560,0.0385,-0.1056,0.0996,-0.0078,-0.0578,0.0501,-0.0059,-0.0584,0.0397,0.0027,0.0145,-1.327,0.0950,None
30.8966,-0.0919,0.1010,-0.0168,-0.0819,0.1568,0.0299,-0.1006,0.0956,-0.0149,-0.0527,0.0491,-0.0063,-0.0533,0.0395,0.0043,0.0104,-1.150,0.0921,None
30.9107,-0.0884,0.1039,-0.0201,-0.0824,0.1551,0.0192,-0.0961,0.0939,-0.0194,-0.0491,0.0492,-0.0068,-0.0502,0.0400,0.0042,0.0126,-1.054,0.0904,None
30.9246,-0.0847,0.1066,-0.0235,-0.0802,0.1547,0.0113,-0.0921,0.0938,-0.0228,-0.0461,0.0496,-0.0075,-0.0476,0.0409,0.0040,0.0148,-1.207,0.0894,None
30.9385,-0.0813,0.1089,-0.0255,-0.0777,0.1543,0.0059,-0.0895,0.0964,-0.0239,-0.0444,0.0508,-0.0080,-0.0458,0.0420,0.0038,0.0150,-1.312,0.0896,None
30.9525,-0.0783,0.1111,-0.0256,-0.0735,0.1561,0.0052,-0.0878,0.1003,-0.0237,-0.0428,0.0520,-0.0080,-0.0443,0.0434,0.0039,0.0145,-1.292,0.0908,None
30.9663,-0.0748,0.1135,-0.0250,-0.0686,0.1582,0.0057,-0.0850,0.1036,-0.0231,-0.0410,0.0533,-0.0076,-0.0424,0.0447,0.0047,0.0143,-1.315,0.0913,None
30.9802,-0.0713,0.1157,-0.0246,-0.0640,0.1595,0.0056,-0.0820,0.1066,-0.0226,-0.0391,0.0545,-0.0073,-0.0401,0.0459,0.0059,0.0141,-1.288,0.0917,None
30.9940,-0.0676,0.1183,-0.0225,-0.0586,0.1613,0.0081,-0.0785,0.1098,-0.0206,-0.0370,0.0559,-0.0062,-0.0379,0.0471,0.0076,0.0139,-1.290,0.0918,None
31.0079,-0.0637,0.1212,-0.0177,-0.0527,0.1629,0.0142,-0.0749,0.1132,-0.0159,-0.0349,0.0572,-0.0037,-0.0359,0.0481,0.0097,0.0139,-1.291,0.0919,None
31.0217,-0.0596,0.1239,-0.0129,-0.0466,0.1642,0.0202,-0.0710,0.1164,-0.0112,-0.0325,0.0584,-0.0011,-0.0340,0.0490,0.0118,0.0138,-1.304,0.0920,None
31.0356,-0.0566,0.1258,-0.0059,-0.0415,0.1643,0.0285,-0.0682,0.1181,-0.0039,-0.0308,0.0591,0.0026,-0.0321,0.0493,0.0152,0.0141,-1.246,0.0918,None
31.0497,-0.0515,0.1280,0.0066,-0.0396,0.1565,0.0330,-0.0598,0.1089,0.0028,-0.0282,0.0597,0.0088,-0.0293,0.0492,0.0207,0.0212,-1.647,0.0836,None
31.0635,-0.0460,0.1292,0.0178,-0.0404,0.1443,0.0311,-0.0487,0.0957,0.0063,-0.0255,0.0597,0.0143,-0.0264,0.0486,0.0255,0.0355,-2.081,0.0723,None
31.0770,-0.0403,0.1277,0.0340,-0.0388,0.1275,0.0309,-0.0321,0.0798,0.0131,-0.0226,0.0586,0.0214,-0.0235,0.0465,0.0315,0.0529,-3.508,0.0561,None
31.0916,-0.0392,0.1219,0.0508,-0.0377,0.1154,0.0375,-0.0215,0.0688,0.0214,-0.0218,0.0555,0.0284,-0.0218,0.0424,0.0382,0.0632,-4.289,0.0451,None
31.1051,-0.0376,0.1160,0.0633,-0.0360,0.1078,0.0442,-0.0159,0.0628,0.0277,-0.0199,0.0510,0.0329,-0.0202,0.0384,0.0433,0.0675,-5.176,0.0399,None
31.1190,-0.0414,0.1099,0.0710,-0.0402,0.1018,0.0516,-0.0179,0.0591,0.0323,-0.0216,0.0462,0.0355,-0.0218,0.0338,0.0464,0.0681,-4.924,0.0393,None
31.1331,-0.0496,0.1047,0.0739,-0.0482,0.0963,0.0554,-0.0226,0.0561,0.0345,-0.0259,0.0428,0.0365,-0.0252,0.0299,0.0473,0.0681,-4.555,0.0392,None
31.1468,-0.0576,0.1006,0.0737,-0.0556,0.0924,0.0560,-0.0270,0.0540,0.0348,-0.0294,0.0404,0.0365,-0.0280,0.0275,0.0471,0.0681,-4.570,0.0393,None
31.1606,-0.0642,0.0965,0.0738,-0.0618,0.0890,0.0572,-0.0304,0.0519,0.0351,-0.0321,0.0381,0.0365,-0.0303,0.0250,0.0470,0.0680,-4.642,0.0392,None
31.1745,-0.0678,0.0959,0.0713,-0.0678,0.0911,0.0595,-0.0323,0.0515,0.0339,-0.0336,0.0377,0.0355,-0.0316,0.0248,0.0462,0.0680,-4.605,0.0392,None
31.1888,-0.0692,0.0975,0.0678,-0.0703,0.0983,0.0663,-0.0330,0.0522,0.0323,-0.0342,0.0383,0.0342,-0.0323,0.0257,0.0452,0.0680,-4.495,0.0393,None
31.2027,-0.0705,0.0986,0.0649,-0.0714,0.1036,0.0714,-0.0337,0.0526,0.0310,-0.0348,0.0387,0.0331,-0.0329,0.0263,0.0443,0.0680,-4.671,0.0393,None
31.2161,-0.0706,0.1007,0.0617,-0.0708,0.1088,0.0739,-0.0339,0.0535,0.0294,-0.0350,0.0395,0.0319,-0.0333,0.0274,0.0433,0.0679,-4.865,0.0394,None
31.2302,-0.0705,0.1025,0.0589,-0.0702,0.1119,0.0734,-0.0340,0.0543,0.0281,-0.0351,0.0403,0.0308,-0.0336,0.0284,0.0424,0.0678,-4.669,0.0396,None
31.2440,-0.0703,0.1039,0.0567,-0.0699,0.1141,0.0728,-0.0342,0.0549,0.0270,-0.0353,0.0409,0.0299,-0.0339,0.0291,0.0417,0.0677,-4.785,0.0398,None
31.2578,-0.0701,0.1056,0.0540,-0.0693,0.1165,0.0715,-0.0431,0.0592,0.0253,-0.0376,0.0424,0.0280,-0.0362,0.0308,0.0396,0.0608,-4.821,0.0481,None
31.2718,-0.0705,0.1079,0.0487,-0.0653,0.1251,0.0786,-0.0618,0.0738,0.0305,-0.0461,0.0488,0.0272,-0.0442,0.0363,0.0360,0.0396,-4.342,0.0651,None
31.2856,-0.0692,0.1125,0.0401,-0.0630,0.1321,0.0808,-0.0702,0.0834,0.0320,-0.0528,0.0551,0.0257,-0.0517,0.0427,0.0323,0.0302,-2.983,0.0737,None
31.2994,-0.0684,0.1155,0.0313,-0.0611,0.1381,0.0839,-0.0794,0.0947,0.0359,-0.0612,0.0623,0.0244,-0.0603,0.0493,0.0283,0.0240,-2.404,0.0836,None
31.3136,-0.0717,0.1137,0.0262,-0.0587,0.1430,0.0877,-0.0859,0.1021,0.0377,-0.0653,0.0650,0.0216,-0.0646,0.0518,0.0246,0.0217,-1.717,0.0898,None
31.3272,-0.0745,0.1121,0.0208,-0.0598,0.1459,0.0869,-0.0907,0.1061,0.0357,-0.0683,0.0663,0.0179,-0.0677,0.0531,0.0205,0.0229,-1.823,0.0933,None
31.3415,-0.0767,0.1112,0.0156,-0.0604,0.1490,0.0836,-0.0939,0.1079,0.0322,-0.0704,0.0664,0.0139,-0.0692,0.0532,0.0171,0.0242,-1.968,0.0951,None
31.3549,-0.0776,0.1110,0.0115,-0.0605,0.1523,0.0780,-0.0947,0.1090,0.0284,-0.0706,0.0665,0.0113,-0.0693,0.0534,0.0152,0.0241,-2.249,0.0955,None
31.3690,-0.0803,0.1089,0.0096,-0.0597,0.1560,0.0708,-0.0942,0.1102,0.0236,-0.0700,0.0668,0.0085,-0.0680,0.0532,0.0128,0.0198,-1.952,0.0954,None
31.3830,-0.0840,0.1070,0.0073,-0.0592,0.1591,0.0638,-0.0936,0.1067,0.0144,-0.0645,0.0607,0.0026,-0.0635,0.0488,0.0087,0.0119,-1.685,0.0932,None
31.3967,-0.0844,0.1079,0.0036,-0.0630,0.1598,0.0518,-0.0905,0.1000,0.0035,-0.0569,0.0555,-0.0002,-0.0551,0.0441,0.0086,0.0100,-1.297,0.0895,None
31.4107,-0.0824,0.1101,-0.0010,-0.0645,0.1599,0.0422,-0.0875,0.0964,-0.0028,-0.0489,0.0521,0.0002,-0.0473,0.0418,0.0116,0.0148,-1.076,0.0873,None
31.4246,-0.0807,0.1115,-0.0050,-0.0646,0.1602,0.0345,-0.0852,0.0945,-0.0073,-0.0435,0.0508,0.0007,-0.0426,0.0415,0.0137,0.0178,-1.237,0.0860,None
31.4384,-0.0790,0.1128,-0.0061,-0.0616,0.1617,0.0325,-0.0839,0.0957,-0.0076,-0.0398,0.0506,0.0021,-0.0397,0.0419,0.0152,0.0178,-1.373,0.0861,None
31.4525,-0.0768,0.1142,-0.0067,-0.0581,0.1629,0.0298,-0.0821,0.0975,-0.0078,-0.0376,0.0514,0.0026,-0.0374,0.0431,0.0163,0.0176,-1.304,0.0863,None
31.4662,-0.0739,0.1160,-0.0071,-0.0535,0.1646,0.0282,-0.0797,0.0997,-0.0079,-0.0361,0.0524,0.0025,-0.0354,0.0443,0.0167,0.0173,-1.338,0.0865,None
31.4799,-0.0712,0.1176,-0.0078,-0.0490,0.1662,0.0263,-0.0784,0.1031,-0.0079,-0.0345,0.0533,0.0022,-0.0335,0.0454,0.0171,0.0161,-1.333,0.0879,None
31.4942,-0.0685,0.1191,-0.0076,-0.0447,0.1674,0.0260,-0.0763,0.1053,-0.0075,-0.0330,0.0541,0.0024,-0.0320,0.0463,0.0173,0.0158,-1.133,0.0883,None
31.5078,-0.0654,0.1209,-0.0043,-0.0397,0.1681,0.0298,-0.0735,0.1074,-0.0045,-0.0314,0.0548,0.0039,-0.0304,0.0469,0.0187,0.0158,-1.299,0.0883,None
31.5218,-0.0625,0.1225,-0.0015,-0.0349,0.1686,0.0329,-0.0707,0.1092,-0.0019,-0.0297,0.0555,0.0052,-0.0289,0.0473,0.0199,0.0157,-1.238,0.0883,None
31.5356,-0.0588,0.1241,0.0053,-0.0298,0.1673,0.0401,-0.0674,0.1108,0.0043,-0.0278,0.0560,0.0083,-0.0268,0.0473,0.0226,0.0158,-1.617,0.0881,None
31.5497,-0.0528,0.1257,0.0172,-0.0354,0.1526,0.0368,-0.0576,0.0969,0.0076,-0.0251,0.0563,0.0137,-0.0234,0.0467,0.0273,0.0308,-2.187,0.0778,None
31.5634,-0.0459,0.1264,0.0284,-0.0352,0.1410,0.0378,-0.0464,0.0856,0.0113,-0.0220,0.0562,0.0187,-0.0198,0.0458,0.0316,0.0443,-3.023,0.0680,None
31.5773,-0.0360,0.1257,0.0429,-0.0255,0.1362,0.0526,-0.0306,0.0746,0.0188,-0.0178,0.0548,0.0258,-0.0150,0.0432,0.0375,0.0568,-3.971,0.0556,None
31.5914,-0.0288,0.1221,0.0569,-0.0188,0.1295,0.0669,-0.0215,0.0687,0.0273,-0.0147,0.0520,0.0324,-0.0114,0.0393,0.0428,0.0614,-4.485,0.0493,None
31.6056,-0.0222,0.1179,0.0676,-0.0128,0.1228,0.0773,-0.0155,0.0647,0.0337,-0.0122,0.0494,0.0374,-0.0083,0.0357,0.0465,0.0634,-4.614,0.0460,None
31.6192,-0.0213,0.1124,0.0767,-0.0118,0.1167,0.0867,-0.0134,0.0611,0.0387,-0.0117,0.0462,0.0413,-0.0074,0.0320,0.0494,0.0643,-4.591,0.0441,None
31.6330,-0.0272,0.1072,0.0821,-0.0179,0.1117,0.0928,-0.0152,0.0582,0.0417,-0.0142,0.0434,0.0435,-0.0092,0.0289,0.0512,0.0646,-4.281,0.0427,None
31.6498,-0.0337,0.1034,0.0845,-0.0224,0.1117,0.1027,-0.0177,0.0561,0.0433,-0.0163,0.0412,0.0447,-0.0117,0.0269,0.0520,0.0647,-3.520,0.0417,None
31.6606,-0.0389,0.0996,0.0867,-0.0264,0.1098,0.1095,-0.0197,0.0542,0.0448,-0.0174,0.0390,0.0462,-0.0137,0.0249,0.0526,0.0647,-5.542,0.0408,None
31.6746,-0.0433,0.0983,0.0861,-0.0301,0.1102,0.1120,-0.0223,0.0544,0.0458,-0.0190,0.0383,0.0463,-0.0159,0.0245,0.0523,0.0633,-4.335,0.0410,None
31.6886,-0.0461,0.0983,0.0846,-0.0326,0.1116,0.1120,-0.0243,0.0550,0.0457,-0.0203,0.0384,0.0456,-0.0176,0.0249,0.0517,0.0622,-4.310,0.0414,None
31.7023,-0.0486,0.0980,0.0835,-0.0351,0.1123,0.1119,-0.0260,0.0552,0.0456,-0.0214,0.0384,0.0452,-0.0191,0.0251,0.0512,0.0615,-4.311,0.0417,None
31.7160,-0.0501,0.0981,0.0824,-0.0370,0.1133,0.1106,-0.0270,0.0555,0.0449,-0.0222,0.0386,0.0447,-0.0200,0.0256,0.0508,0.0613,-4.342,0.0417,None
31.7303,-0.0512,0.0982,0.0814,-0.0386,0.1142,0.1093,-0.0277,0.0558,0.0443,-0.0228,0.0389,0.0442,-0.0206,0.0259,0.0504,0.0611,-4.175,0.0417,None
31.7441,-0.0523,0.0980,0.0806,-0.0401,0.1149,0.1081,-0.0285,0.0560,0.0438,-0.0233,0.0391,0.0438,-0.0211,0.0262,0.0501,0.0608,-4.319,0.0417,None
31.7578,-0.0534,0.0981,0.0798,-0.0416,0.1153,0.1072,-0.0292,0.0561,0.0434,-0.0239,0.0392,0.0435,-0.0216,0.0264,0.0498,0.0606,-4.333,0.0418,None
31.7721,-0.0545,0.0982,0.0789,-0.0431,0.1157,0.1062,-0.0299,0.0562,0.0430,-0.0245,0.0393,0.0431,-0.0223,0.0265,0.0495,0.0605,-4.131,0.0419,None
31.7857,-0.0556,0.0983,0.0781,-0.0445,0.1160,0.1054,-0.0307,0.0564,0.0426,-0.0251,0.0395,0.0428,-0.0228,0.0267,0.0492,0.0603,-4.353,0.0420,None
31.7995,-0.0567,0.0986,0.0769,-0.0458,0.1167,0.1049,-0.0351,0.0590,0.0448,-0.0261,0.0397,0.0424,-0.0256,0.0275,0.0483,0.0553,-4.282,0.0457,None
31.8138,-0.0583,0.0993,0.0748,-0.0479,0.1175,0.1032,-0.0506,0.0703,0.0555,-0.0370,0.0466,0.0466,-0.0345,0.0324,0.0487,0.0357,-3.839,0.0628,None
31.8274,-0.0610,0.1005,0.0709,-0.0514,0.1191,0.1002,-0.0601,0.0789,0.0621,-0.0460,0.0524,0.0485,-0.0419,0.0370,0.0489,0.0234,-2.588,0.0737,None
31.8414,-0.0641,0.1020,0.0659,-0.0532,0.1223,0.0987,-0.0661,0.0846,0.0634,-0.0536,0.0571,0.0477,-0.0480,0.0408,0.0474,0.0177,-1.713,0.0794,None
31.8552,-0.0682,0.1035,0.0590,-0.0514,0.1285,0.1006,-0.0712,0.0883,0.0597,-0.0600,0.0605,0.0434,-0.0543,0.0442,0.0430,0.0154,-1.439,0.0819,None
31.8691,-0.0734,0.1042,0.0504,-0.0512,0.1341,0.0993,-0.0756,0.0913,0.0537,-0.0646,0.0629,0.0377,-0.0591,0.0468,0.0377,0.0135,-1.400,0.0832,None
31.8828,-0.0798,0.1031,0.0404,-0.0537,0.1382,0.0952,-0.0795,0.0941,0.0477,-0.0685,0.0649,0.0318,-0.0632,0.0491,0.0326,0.0116,-1.413,0.0844,None
31.8967,-0.0824,0.1032,0.0340,-0.0568,0.1417,0.0884,-0.0821,0.0958,0.0421,-0.0706,0.0661,0.0274,-0.0648,0.0501,0.0288,0.0110,-1.312,0.0852,None
31.9109,-0.0851,0.1005,0.0342,-0.0566,0.1447,0.0835,-0.0846,0.0994,0.0416,-0.0715,0.0672,0.0258,-0.0647,0.0508,0.0277,0.0076,-0.771,0.0884,None
31.9249,-0.0875,0.0979,0.0344,-0.0568,0.1472,0.0788,-0.0868,0.1030,0.0412,-0.0732,0.0686,0.0243,-0.0648,0.0514,0.0265,0.0086,-0.681,0.0915,None
31.9383,-0.0865,0.1000,0.0327,-0.0586,0.1477,0.0714,-0.0871,0.1007,0.0352,-0.0703,0.0663,0.0212,-0.0633,0.0522,0.0265,0.0026,-0.821,0.0912,None
31.9525,-0.0844,0.1031,0.0299,-0.0626,0.1458,0.0611,-0.0868,0.0979,0.0284,-0.0644,0.0609,0.0158,-0.0581,0.0487,0.0233,0.0060,-0.534,0.0909,None
31.9662,-0.0825,0.1054,0.0279,-0.0632,0.1457,0.0546,-0.0863,0.0975,0.0250,-0.0604,0.0580,0.0129,-0.0541,0.0465,0.0215,0.0092,-0.620,0.0913,None
31.9801,-0.0804,0.1077,0.0250,-0.0623,0.1469,0.0486,-0.0856,0.0986,0.0211,-0.0565,0.0559,0.0097,-0.0473,0.0437,0.0201,0.0111,-0.784,0.0920,None
31.9941,-0.0779,0.1102,0.0217,-0.0599,0.1488,0.0433,-0.0840,0.1015,0.0181,-0.0533,0.0552,0.0071,-0.0414,0.0422,0.0195,0.0113,-0.902,0.0929,None
32.0079,-0.0746,0.1128,0.0194,-0.0554,0.1515,0.0401,-0.0812,0.1049,0.0163,-0.0510,0.0562,0.0057,-0.0373,0.0423,0.0196,0.0107,-0.988,0.0933,None
32.0221,-0.0715,0.1151,0.0170,-0.0509,0.1539,0.0367,-0.0784,0.1079,0.0144,-0.0489,0.0574,0.0046,-0.0342,0.0428,0.0194,0.0103,-0.933,0.0937,None
32.0356,-0.0678,0.1173,0.0166,-0.0456,0.1559,0.0358,-0.0748,0.1105,0.0142,-0.0449,0.0577,0.0049,-0.0321,0.0439,0.0197,0.0101,-0.999,0.0937,None
32.0497,-0.0641,0.1192,0.0178,-0.0402,0.1572,0.0367,-0.0712,0.1126,0.0155,-0.0416,0.0582,0.0059,-0.0304,0.0447,0.0204,0.0100,-0.915,0.0937,None
32.0636,-0.0604,0.1209,0.0187,-0.0349,0.1584,0.0371,-0.0676,0.1146,0.0164,-0.0387,0.0587,0.0067,-0.0285,0.0455,0.0210,0.0098,-0.913,0.0937,None
32.0771,-0.0575,0.1215,0.0226,-0.0307,0.1583,0.0415,-0.0647,0.1153,0.0202,-0.0368,0.0590,0.0089,-0.0270,0.0456,0.0227,0.0098,-1.095,0.0935,None
32.0915,-0.0528,0.1228,0.0276,-0.0252,0.1572,0.0481,-0.0584,0.1060,0.0201,-0.0345,0.0593,0.0122,-0.0251,0.0454,0.0252,0.0192,-1.309,0.0862,None
32.1050,-0.0442,0.1276,0.0249,-0.0220,0.1538,0.0517,-0.0515,0.0993,0.0211,-0.0320,0.0594,0.0153,-0.0231,0.0452,0.0275,0.0294,-1.778,0.0799,None
32.1190,-0.0322,0.1318,0.0249,-0.0198,0.1443,0.0524,-0.0378,0.0872,0.0208,-0.0269,0.0586,0.0193,-0.0203,0.0447,0.0305,0.0452,-2.441,0.0672,None
32.1332,-0.0213,0.1330,0.0312,-0.0182,0.1329,0.0545,-0.0233,0.0740,0.0225,-0.0214,0.0559,0.0242,-0.0171,0.0426,0.0349,0.0597,-3.256,0.0533,None
32.1468,-0.0175,0.1309,0.0410,-0.0171,0.1257,0.0614,-0.0158,0.0671,0.0270,-0.0189,0.0528,0.0289,-0.0149,0.0395,0.0393,0.0654,-4.178,0.0458,None
32.1606,-0.0140,0.1282,0.0501,-0.0156,0.1200,0.0685,-0.0118,0.0631,0.0313,-0.0170,0.0500,0.0328,-0.0127,0.0361,0.0431,0.0677,-4.491,0.0424,None
32.1747,-0.0167,0.1252,0.0565,-0.0182,0.1160,0.0744,-0.0117,0.0603,0.0343,-0.0179,0.0477,0.0353,-0.0132,0.0335,0.0450,0.0687,-4.406,0.0408,None
32.1887,-0.0209,0.1228,0.0603,-0.0224,0.1132,0.0780,-0.0133,0.0586,0.0360,-0.0196,0.0459,0.0366,-0.0146,0.0316,0.0460,0.0690,-4.481,0.0403,None
32.2023,-0.0247,0.1203,0.0639,-0.0260,0.1103,0.0814,-0.0148,0.0570,0.0376,-0.0210,0.0441,0.0378,-0.0159,0.0297,0.0469,0.0693,-4.643,0.0399,None
32.2161,-0.0286,0.1187,0.0653,-0.0294,0.1118,0.0877,-0.0166,0.0560,0.0381,-0.0226,0.0429,0.0380,-0.0175,0.0285,0.0470,0.0694,-4.588,0.0397,None
32.2305,-0.0330,0.1166,0.0670,-0.0317,0.1142,0.0933,-0.0182,0.0556,0.0380,-0.0240,0.0423,0.0377,-0.0190,0.0280,0.0468,0.0692,-4.469,0.0396,None
32.2443,-0.0379,0.1132,0.0699,-0.0341,0.1152,0.0970,-0.0196,0.0550,0.0380,-0.0253,0.0416,0.0375,-0.0204,0.0274,0.0466,0.0688,-4.665,0.0394,None
32.2576,-0.0404,0.1127,0.0693,-0.0362,0.1160,0.0979,-0.0208,0.0549,0.0375,-0.0263,0.0413,0.0370,-0.0215,0.0272,0.0462,0.0688,-4.880,0.0393,None
32.2721,-0.0419,0.1132,0.0677,-0.0382,0.1170,0.0965,-0.0217,0.0551,0.0367,-0.0271,0.0414,0.0362,-0.0224,0.0275,0.0456,0.0688,-4.490,0.0393,None
32.2856,-0.0430,0.1136,0.0665,-0.0402,0.1177,0.0953,-0.0226,0.0553,0.0360,-0.0278,0.0415,0.0355,-0.0233,0.0277,0.0450,0.0689,-4.800,0.0393,None
32.2995,-0.0440,0.1143,0.0648,-0.0417,0.1187,0.0937,-0.0235,0.0556,0.0351,-0.0284,0.0417,0.0347,-0.0242,0.0281,0.0442,0.0688,-4.619,0.0395,None
32.3136,-0.0451,0.1150,0.0628,-0.0425,0.1204,0.0932,-0.0245,0.0560,0.0341,-0.0292,0.0420,0.0337,-0.0261,0.0288,0.0425,0.0687,-4.520,0.0397,None
32.3272,-0.0464,0.1156,0.0606,-0.0418,0.1231,0.0945,-0.0257,0.0565,0.0329,-0.0301,0.0424,0.0325,-0.0285,0.0297,0.0403,0.0685,-4.769,0.0400,None
32.3414,-0.0481,0.1154,0.0587,-0.0419,0.1256,0.0951,-0.0275,0.0569,0.0312,-0.0312,0.0428,0.0311,-0.0307,0.0305,0.0383,0.0678,-4.492,0.0408,None
32.3550,-0.0499,0.1146,0.0575,-0.0424,0.1275,0.0957,-0.0387,0.0624,0.0311,-0.0325,0.0433,0.0298,-0.0328,0.0313,0.0365,0.0596,-4.696,0.0506,None
32.3689,-0.0516,0.1148,0.0552,-0.0439,0.1287,0.0953,-0.0578,0.0791,0.0417,-0.0384,0.0483,0.0314,-0.0376,0.0348,0.0355,0.0387,-4.163,0.0701,None
32.3832,-0.0534,0.1151,0.0528,-0.0458,0.1298,0.0945,-0.0651,0.0879,0.0483,-0.0462,0.0542,0.0323,-0.0448,0.0408,0.0345,0.0299,-2.623,0.0788,None
32.3965,-0.0554,0.1155,0.0494,-0.0471,0.1320,0.0946,-0.0706,0.0955,0.0530,-0.0543,0.0609,0.0330,-0.0533,0.0495,0.0343,0.0254,-2.320,0.0856,None
32.4109,-0.0570,0.1153,0.0466,-0.0472,0.1348,0.0958,-0.0744,0.1014,0.0550,-0.0641,0.0696,0.0338,-0.0620,0.0588,0.0365,0.0237,-1.906,0.0906,None
32.4247,-0.0589,0.1144,0.0441,-0.0475,0.1371,0.0964,-0.0770,0.1055,0.0548,-0.0701,0.0758,0.0337,-0.0673,0.0644,0.0372,0.0229,-1.826,0.0936,None
32.4385,-0.0592,0.1149,0.0413,-0.0465,0.1399,0.0953,-0.0779,0.1088,0.0531,-0.0737,0.0808,0.0328,-0.0714,0.0700,0.0394,0.0230,-1.897,0.0954,None
32.4524,-0.0599,0.1158,0.0392,-0.0443,0.1429,0.0923,-0.0767,0.1105,0.0505,-0.0725,0.0817,0.0309,-0.0702,0.0713,0.0379,0.0210,-1.765,0.0952,None
32.4662,-0.0637,0.1139,0.0382,-0.0427,0.1454,0.0892,-0.0758,0.1069,0.0406,-0.0697,0.0785,0.0246,-0.0693,0.0724,0.0363,0.0142,-1.378,0.0920,None
32.4799,-0.0647,0.1138,0.0375,-0.0399,0.1479,0.0862,-0.0741,0.1024,0.0326,-0.0589,0.0663,0.0162,-0.0553,0.0588,0.0241,0.0156,-0.989,0.0889,None
32.4942,-0.0635,0.1152,0.0358,-0.0392,0.1497,0.0813,-0.0727,0.1013,0.0300,-0.0447,0.0560,0.0156,-0.0399,0.0471,0.0234,0.0177,-1.173,0.0879,None
32.5078,-0.0629,0.1161,0.0340,-0.0409,0.1506,0.0743,-0.0720,0.1019,0.0290,-0.0382,0.0534,0.0173,-0.0326,0.0433,0.0259,0.0176,-1.360,0.0878,None
32.5217,-0.0623,0.1169,0.0322,-0.0420,0.1515,0.0679,-0.0714,0.1026,0.0278,-0.0348,0.0527,0.0182,-0.0288,0.0423,0.0273,0.0175,-1.338,0.0878,None
32.5356,-0.0622,0.1177,0.0292,-0.0411,0.1538,0.0626,-0.0712,0.1034,0.0256,-0.0342,0.0531,0.0172,-0.0275,0.0429,0.0271,0.0173,-1.314,0.0878,None
32.5497,-0.0623,0.1183,0.0263,-0.0406,0.1558,0.0577,-0.0712,0.1040,0.0234,-0.0340,0.0535,0.0160,-0.0272,0.0436,0.0262,0.0171,-1.310,0.0879,None
32.5635,-0.0624,0.1188,0.0233,-0.0403,0.1576,0.0526,-0.0712,0.1046,0.0211,-0.0339,0.0539,0.0148,-0.0268,0.0444,0.0252,0.0168,-1.348,0.0879,None
32.5771,-0.0633,0.1188,0.0205,-0.0409,0.1589,0.0480,-0.0718,0.1047,0.0189,-0.0341,0.0540,0.0136,-0.0268,0.0449,0.0242,0.0166,-1.418,0.0880,None
32.5913,-0.0642,0.1185,0.0185,-0.0416,0.1597,0.0444,-0.0726,0.1047,0.0174,-0.0344,0.0540,0.0127,-0.0270,0.0452,0.0235,0.0162,-1.407,0.0881,None
32.6053,-0.0652,0.1182,0.0165,-0.0423,0.1605,0.0409,-0.0733,0.1046,0.0159,-0.0347,0.0541,0.0119,-0.0271,0.0455,0.0229,0.0159,-1.420,0.0883,None
32.6190,-0.0663,0.1178,0.0144,-0.0432,0.1613,0.0367,-0.0743,0.1044,0.0145,-0.0350,0.0540,0.0110,-0.0271,0.0459,0.0221,0.0155,-1.481,0.0884,None
32.6342,-0.0678,0.1171,0.0128,-0.0442,0.1619,0.0328,-0.0753,0.1039,0.0136,-0.0355,0.0539,0.0104,-0.0272,0.0463,0.0215,0.0153,-1.276,0.0884,None
32.6469,-0.0691,0.1164,0.0112,-0.0450,0.1626,0.0291,-0.0764,0.1034,0.0127,-0.0359,0.0537,0.0098,-0.0272,0.0466,0.0209,0.0150,-1.489,0.0885,None
32.6605,-0.0708,0.1155,0.0093,-0.0472,0.1624,0.0247,-0.0777,0.1027,0.0113,-0.0364,0.0535,0.0090,-0.0275,0.0468,0.0201,0.0148,-1.350,0.0885,None
32.6744,-0.0719,0.1150,0.0070,-0.0495,0.1613,0.0202,-0.0786,0.1022,0.0093,-0.0367,0.0534,0.0079,-0.0279,0.0470,0.0192,0.0146,-1.380,0.0885,None
32.6885,-0.0720,0.1150,0.0045,-0.0504,0.1605,0.0165,-0.0786,0.1024,0.0069,-0.0367,0.0535,0.0067,-0.0281,0.0473,0.0182,0.0144,-1.352,0.0885,None
32.7024,-0.0721,0.1149,0.0021,-0.0512,0.1600,0.0131,-0.0788,0.1026,0.0046,-0.0368,0.0535,0.0056,-0.0284,0.0475,0.0172,0.0143,-1.338,0.0885,None
32.7160,-0.0717,0.1152,-0.0003,-0.0505,0.1604,0.0101,-0.0784,0.1031,0.0022,-0.0366,0.0537,0.0044,-0.0284,0.0478,0.0162,0.0141,-1.334,0.0886,None
32.7302,-0.0711,0.1154,-0.0030,-0.0497,0.1609,0.0065,-0.0779,0.1036,-0.0004,-0.0363,0.0540,0.0031,-0.0284,0.0482,0.0151,0.0139,-1.230,0.0886,None
32.7440,-0.0707,0.1156,-0.0057,-0.0490,0.1612,0.0029,-0.0775,0.1041,-0.0029,-0.0360,0.0541,0.0018,-0.0284,0.0486,0.0140,0.0137,-1.265,0.0887,None
32.7577,-0.0702,0.1157,-0.0079,-0.0481,0.1616,-0.0007,-0.0771,0.1046,-0.0048,-0.0358,0.0542,0.0007,-0.0281,0.0489,0.0130,0.0134,-1.249,0.0889,None
32.7719,-0.0699,0.1157,-0.0102,-0.0472,0.1619,-0.0048,-0.0768,0.1050,-0.0067,-0.0356,0.0544,-0.0004,-0.0278,0.0494,0.0119,0.0132,-1.157,0.0890,None
32.7855,-0.0697,0.1156,-0.0125,-0.0465,0.1620,-0.0089,-0.0766,0.1053,-0.0086,-0.0354,0.0544,-0.0015,-0.0276,0.0498,0.0108,0.0129,-1.210,0.0891,None
32.7993,-0.0699,0.1151,-0.0149,-0.0462,0.1619,-0.0140,-0.0766,0.1053,-0.0106,-0.0353,0.0544,-0.0027,-0.0273,0.0502,0.0096,0.0127,-1.129,0.0893,None
32.8136,-0.0701,0.1147,-0.0167,-0.0459,0.1616,-0.0188,-0.0766,0.1052,-0.0117,-0.0351,0.0543,-0.0034,-0.0267,0.0506,0.0087,0.0125,-0.950,0.0893,None
32.8271,-0.0707,0.1141,-0.0178,-0.0462,0.1611,-0.0231,-0.0769,0.1049,-0.0124,-0.0351,0.0542,-0.0040,-0.0262,0.0510,0.0079,0.0123,-0.866,0.0893,None
32.8413,-0.0713,0.1135,-0.0190,-0.0467,0.1605,-0.0272,-0.0773,0.1046,-0.0131,-0.0350,0.0540,-0.0045,-0.0258,0.0513,0.0071,0.0122,-0.877,0.0893,None
32.8551,-0.0718,0.1129,-0.0200,-0.0471,0.1599,-0.0311,-0.0775,0.1043,-0.0138,-0.0350,0.0539,-0.0051,-0.0254,0.0516,0.0063,0.0121,-0.807,0.0893,None
32.8691,-0.0725,0.1123,-0.0209,-0.0478,0.1592,-0.0337,-0.0779,0.1038,-0.0146,-0.0351,0.0536,-0.0055,-0.0254,0.0517,0.0057,0.0120,-0.748,0.0893,None
32.8830,-0.0731,0.1117,-0.0217,-0.0485,0.1585,-0.0364,-0.0783,0.1032,-0.0153,-0.0353,0.0534,-0.0060,-0.0254,0.0518,0.0051,0.0119,-0.767,0.0893,None
32.8967,-0.0740,0.1111,-0.0220,-0.0496,0.1581,-0.0373,-0.0791,0.1024,-0.0157,-0.0358,0.0531,-0.0062,-0.0259,0.0516,0.0049,0.0118,-0.669,0.0892,None
32.9107,-0.0740,0.1111,-0.0220,-0.0494,0.1583,-0.0367,-0.0790,0.1020,-0.0157,-0.0358,0.0530,-0.0062,-0.0260,0.0516,0.0051,0.0121,-0.743,0.0890,None
32.9246,-0.0741,0.1110,-0.0221,-0.0494,0.1583,-0.0365,-0.0790,0.1016,-0.0158,-0.0359,0.0529,-0.0062,-0.0262,0.0515,0.0051,0.0124,-0.780,0.0888,None
32.9381,-0.0725,0.1122,-0.0226,-0.0476,0.1588,-0.0356,-0.0763,0.0989,-0.0160,-0.0352,0.0533,-0.0061,-0.0256,0.0518,0.0053,0.0153,-0.990,0.0861,None
32.9523,-0.0700,0.1140,-0.0244,-0.0490,0.1521,-0.0343,-0.0704,0.0905,-0.0165,-0.0340,0.0540,-0.0060,-0.0246,0.0522,0.0055,0.0249,-1.202,0.0792,None
32.9662,-0.0644,0.1169,-0.0344,-0.0524,0.1423,-0.0330,-0.0649,0.0836,-0.0169,-0.0329,0.0544,-0.0060,-0.0237,0.0526,0.0057,0.0376,-2.231,0.0736,None
32.9800,-0.0574,0.1201,-0.0382,-0.0507,0.1381,-0.0291,-0.0563,0.0778,-0.0156,-0.0310,0.0554,-0.0047,-0.0222,0.0530,0.0071,0.0479,-2.933,0.0663,None
32.9940,-0.0545,0.1225,-0.0336,-0.0483,0.1400,-0.0245,-0.0460,0.0709,-0.0141,-0.0299,0.0558,-0.0031,-0.0215,0.0529,0.0089,0.0558,-3.293,0.0565,None
33.0077,-0.0530,0.1246,-0.0260,-0.0467,0.1423,-0.0169,-0.0352,0.0675,-0.0108,-0.0291,0.0561,-0.0001,-0.0210,0.0525,0.0119,0.0618,-3.931,0.0465,None
33.0217,-0.0515,0.1266,-0.0167,-0.0426,0.1508,-0.0055,-0.0292,0.0671,-0.0063,-0.0282,0.0561,0.0038,-0.0203,0.0518,0.0156,0.0643,-4.248,0.0415,None
33.0353,-0.0522,0.1273,-0.0050,-0.0332,0.1637,0.0118,-0.0262,0.0670,-0.0002,-0.0278,0.0554,0.0090,-0.0200,0.0501,0.0205,0.0658,-4.466,0.0383,None
33.0496,-0.0536,0.1267,0.0061,-0.0286,0.1674,0.0284,-0.0253,0.0666,0.0056,-0.0276,0.0542,0.0139,-0.0205,0.0478,0.0250,0.0665,-4.334,0.0367,None
33.0638,-0.0552,0.1251,0.0163,-0.0271,0.1666,0.0433,-0.0247,0.0658,0.0109,-0.0273,0.0527,0.0184,-0.0209,0.0454,0.0288,0.0669,-4.416,0.0354,None
33.0770,-0.0554,0.1241,0.0221,-0.0272,0.1644,0.0519,-0.0247,0.0652,0.0140,-0.0274,0.0517,0.0208,-0.0214,0.0437,0.0309,0.0669,-4.884,0.0354,None
33.0913,-0.0548,0.1242,0.0234,-0.0272,0.1634,0.0546,-0.0246,0.0651,0.0147,-0.0274,0.0515,0.0212,-0.0217,0.0432,0.0313,0.0669,-4.632,0.0354,None
33.1050,-0.0544,0.1241,0.0247,-0.0275,0.1623,0.0572,-0.0245,0.0650,0.0155,-0.0274,0.0512,0.0216,-0.0221,0.0427,0.0317,0.0669,-4.788,0.0354,None
33.1190,-0.0540,0.1248,0.0222,-0.0281,0.1628,0.0550,-0.0245,0.0654,0.0142,-0.0275,0.0516,0.0204,-0.0227,0.0431,0.0307,0.0668,-4.832,0.0356,None
33.1330,-0.0541,0.1253,0.0189,-0.0296,0.1634,0.0515,-0.0249,0.0656,0.0125,-0.0279,0.0519,0.0188,-0.0234,0.0436,0.0295,0.0668,-4.806,0.0357,None
33.1466,-0.0542,0.1257,0.0160,-0.0319,0.1631,0.0476,-0.0251,0.0658,0.0110,-0.0283,0.0522,0.0175,-0.0240,0.0441,0.0283,0.0667,-4.938,0.0359,None
33.1605,-0.0541,0.1260,0.0136,-0.0343,0.1624,0.0439,-0.0259,0.0658,0.0095,-0.0286,0.0524,0.0163,-0.0246,0.0444,0.0273,0.0666,-4.803,0.0365,None
33.1746,-0.0546,0.1260,0.0119,-0.0360,0.1621,0.0417,-0.0272,0.0656,0.0084,-0.0294,0.0523,0.0152,-0.0251,0.0446,0.0266,0.0665,-4.703,0.0374,None
33.1884,-0.0547,0.1261,0.0110,-0.0368,0.1620,0.0408,-0.0284,0.0653,0.0077,-0.0303,0.0521,0.0144,-0.0256,0.0446,0.0261,0.0663,-4.755,0.0384,None
33.2025,-0.0548,0.1261,0.0101,-0.0376,0.1619,0.0398,-0.0293,0.0652,0.0070,-0.0311,0.0520,0.0136,-0.0260,0.0446,0.0257,0.0661,-4.631,0.0392,None
33.2162,-0.0548,0.1261,0.0098,-0.0381,0.1617,0.0395,-0.0318,0.0652,0.0065,-0.0319,0.0519,0.0131,-0.0273,0.0445,0.0247,0.0652,-4.766,0.0416,None
33.2301,-0.0549,0.1260,0.0099,-0.0384,0.1614,0.0396,-0.0409,0.0672,0.0058,-0.0332,0.0518,0.0127,-0.0314,0.0447,0.0227,0.0606,-4.617,0.0503,None
33.2438,-0.0550,0.1260,0.0100,-0.0388,0.1611,0.0396,-0.0466,0.0693,0.0059,-0.0378,0.0527,0.0117,-0.0355,0.0454,0.0212,0.0574,-4.349,0.0558,None
33.2577,-0.0556,0.1256,0.0103,-0.0398,0.1607,0.0398,-0.0519,0.0714,0.0065,-0.0423,0.0536,0.0112,-0.0390,0.0461,0.0204,0.0545,-4.047,0.0606,None
33.2721,-0.0570,0.1250,0.0101,-0.0415,0.1603,0.0392,-0.0579,0.0742,0.0073,-0.0460,0.0544,0.0109,-0.0426,0.0469,0.0196,0.0508,-3.717,0.0659,None
33.2857,-0.0582,0.1244,0.0099,-0.0431,0.1600,0.0387,-0.0620,0.0764,0.0082,-0.0487,0.0549,0.0108,-0.0452,0.0474,0.0192,0.0482,-3.631,0.0693,None
33.2993,-0.0601,0.1225,0.0112,-0.0452,0.1598,0.0380,-0.0688,0.0861,0.0127,-0.0528,0.0558,0.0106,-0.0489,0.0483,0.0186,0.0374,-3.382,0.0764,None
33.3135,-0.0620,0.1197,0.0134,-0.0438,0.1622,0.0384,-0.0743,0.0969,0.0178,-0.0622,0.0619,0.0119,-0.0537,0.0498,0.0181,0.0263,-2.438,0.0837,None
33.3271,-0.0641,0.1177,0.0139,-0.0394,0.1662,0.0398,-0.0780,0.1072,0.0227,-0.0725,0.0732,0.0160,-0.0601,0.0551,0.0191,0.0196,-1.744,0.0903,None
33.3411,-0.0665,0.1160,0.0135,-0.0377,0.1685,0.0400,-0.0806,0.1130,0.0252,-0.0781,0.0802,0.0188,-0.0656,0.0603,0.0206,0.0186,-1.262,0.0943,None
33.3548,-0.0688,0.1145,0.0133,-0.0387,0.1691,0.0394,-0.0824,0.1157,0.0265,-0.0812,0.0840,0.0207,-0.0686,0.0637,0.0222,0.0190,-1.268,0.0962,None
33.3689,-0.0720,0.1116,0.0170,-0.0413,0.1687,0.0381,-0.0842,0.1143,0.0257,-0.0823,0.0823,0.0201,-0.0694,0.0626,0.0219,0.0152,-1.123,0.0960,None
33.3829,-0.0752,0.1090,0.0198,-0.0439,0.1684,0.0369,-0.0860,0.1127,0.0249,-0.0817,0.0785,0.0185,-0.0701,0.0614,0.0216,0.0125,-0.933,0.0957,None
33.3967,-0.0771,0.1076,0.0202,-0.0461,0.1682,0.0349,-0.0873,0.1112,0.0239,-0.0724,0.0667,0.0136,-0.0634,0.0553,0.0197,0.0115,-0.892,0.0953,None
33.4109,-0.0783,0.1069,0.0195,-0.0479,0.1681,0.0323,-0.0886,0.1057,0.0210,-0.0561,0.0534,0.0100,-0.0525,0.0478,0.0188,0.0105,-0.805,0.0933,None
33.4248,-0.0795,0.1062,0.0189,-0.0498,0.1680,0.0296,-0.0893,0.0980,0.0175,-0.0471,0.0485,0.0094,-0.0444,0.0430,0.0188,0.0128,-0.694,0.0902,None
33.4385,-0.0802,0.1058,0.0180,-0.0511,0.1680,0.0262,-0.0896,0.0942,0.0156,-0.0410,0.0470,0.0096,-0.0375,0.0413,0.0197,0.0152,-0.854,0.0889,None
33.4525,-0.0801,0.1060,0.0175,-0.0547,0.1660,0.0225,-0.0894,0.0941,0.0157,-0.0385,0.0475,0.0100,-0.0343,0.0421,0.0206,0.0152,-1.068,0.0888,None
33.4663,-0.0800,0.1061,0.0171,-0.0582,0.1638,0.0191,-0.0892,0.0939,0.0159,-0.0367,0.0480,0.0102,-0.0320,0.0429,0.0211,0.0153,-1.089,0.0886,None
33.4802,-0.0794,0.1066,0.0171,-0.0585,0.1634,0.0169,-0.0885,0.0944,0.0164,-0.0361,0.0483,0.0102,-0.0309,0.0435,0.0212,0.0152,-1.125,0.0886,None
33.4942,-0.0785,0.1072,0.0172,-0.0573,0.1639,0.0157,-0.0876,0.0951,0.0169,-0.0356,0.0486,0.0103,-0.0301,0.0440,0.0212,0.0151,-1.130,0.0886,None
33.5077,-0.0778,0.1077,0.0170,-0.0562,0.1644,0.0147,-0.0869,0.0958,0.0170,-0.0352,0.0489,0.0102,-0.0296,0.0443,0.0212,0.0150,-1.130,0.0887,None
33.5218,-0.0772,0.1082,0.0168,-0.0553,0.1648,0.0136,-0.0865,0.0969,0.0172,-0.0348,0.0492,0.0102,-0.0291,0.0447,0.0211,0.0146,-1.074,0.0891,None
33.5356,-0.0764,0.1089,0.0158,-0.0540,0.1654,0.0120,-0.0865,0.1000,0.0171,-0.0344,0.0495,0.0097,-0.0287,0.0451,0.0207,0.0135,-1.112,0.0908,None
33.5497,-0.0753,0.1099,0.0144,-0.0521,0.1661,0.0098,-0.0861,0.1037,0.0166,-0.0339,0.0500,0.0091,-0.0282,0.0457,0.0202,0.0126,-1.046,0.0926,None
33.5635,-0.0745,0.1109,0.0127,-0.0509,0.1664,0.0078,-0.0855,0.1068,0.0158,-0.0334,0.0504,0.0085,-0.0277,0.0463,0.0197,0.0122,-1.000,0.0939,None
33.5772,-0.0731,0.1122,0.0106,-0.0486,0.1671,0.0051,-0.0839,0.1086,0.0142,-0.0327,0.0510,0.0076,-0.0269,0.0471,0.0190,0.0119,-1.013,0.0941,None
33.5915,-0.0714,0.1135,0.0084,-0.0459,0.1680,0.0020,-0.0822,0.1094,0.0118,-0.0319,0.0517,0.0067,-0.0262,0.0479,0.0181,0.0121,-0.952,0.0939,None
33.6053,-0.0697,0.1147,0.0062,-0.0430,0.1688,-0.0011,-0.0806,0.1097,0.0094,-0.0310,0.0523,0.0057,-0.0253,0.0487,0.0173,0.0124,-0.998,0.0934,None
33.6201,-0.0669,0.1166,0.0040,-0.0388,0.1697,-0.0037,-0.0780,0.1092,0.0072,-0.0297,0.0531,0.0049,-0.0241,0.0497,0.0166,0.0137,-1.031,0.0925,None
33.6330,-0.0609,0.1201,0.0035,-0.0405,0.1642,-0.0025,-0.0683,0.0954,0.0031,-0.0270,0.0545,0.0051,-0.0216,0.0508,0.0168,0.0258,-1.493,0.0812,None
33.6468,-0.0554,0.1252,-0.0008,-0.0418,0.1548,0.0011,-0.0494,0.0783,-0.0001,-0.0241,0.0556,0.0066,-0.0188,0.0515,0.0185,0.0473,-2.144,0.0622,None
33.6608,-0.0460,0.1308,-0.0089,-0.0391,0.1479,0.0039,-0.0370,0.0732,-0.0003,-0.0211,0.0566,0.0081,-0.0158,0.0520,0.0202,0.0590,-3.482,0.0531,None
33.6746,-0.0395,0.1340,-0.0063,-0.0346,0.1468,0.0114,-0.0253,0.0693,0.0021,-0.0190,0.0567,0.0112,-0.0134,0.0515,0.0234,0.0668,-4.196,0.0437,None
33.6887,-0.0379,0.1350,0.0011,-0.0322,0.1464,0.0217,-0.0192,0.0679,0.0061,-0.0180,0.0561,0.0149,-0.0122,0.0502,0.0270,0.0698,-4.583,0.0386,None
33.7023,-0.0362,0.1354,0.0086,-0.0225,0.1514,0.0347,-0.0156,0.0672,0.0101,-0.0170,0.0552,0.0184,-0.0112,0.0486,0.0302,0.0713,-4.984,0.0360,None
33.7160,-0.0373,0.1344,0.0167,-0.0168,0.1533,0.0462,-0.0151,0.0662,0.0141,-0.0170,0.0539,0.0218,-0.0111,0.0466,0.0332,0.0718,-5.005,0.0351,None
33.7302,-0.0390,0.1331,0.0226,-0.0111,0.1573,0.0568,-0.0157,0.0654,0.0170,-0.0173,0.0527,0.0243,-0.0112,0.0450,0.0354,0.0718,-4.908,0.0350,None
33.7442,-0.0405,0.1316,0.0283,-0.0072,0.1580,0.0656,-0.0161,0.0645,0.0199,-0.0175,0.0514,0.0267,-0.0113,0.0433,0.0374,0.0719,-4.997,0.0348,None
33.7578,-0.0408,0.1308,0.0313,-0.0067,0.1568,0.0692,-0.0161,0.0640,0.0213,-0.0174,0.0507,0.0279,-0.0112,0.0424,0.0384,0.0719,-5.159,0.0348,None
33.7719,-0.0402,0.1308,0.0324,-0.0063,0.1561,0.0705,-0.0159,0.0639,0.0219,-0.0171,0.0505,0.0284,-0.0110,0.0421,0.0388,0.0719,-5.032,0.0348,None
33.7855,-0.0397,0.1306,0.0337,-0.0059,0.1553,0.0719,-0.0156,0.0638,0.0225,-0.0169,0.0502,0.0289,-0.0109,0.0417,0.0393,0.0719,-5.179,0.0348,None
33.7996,-0.0386,0.1309,0.0338,-0.0053,0.1550,0.0722,-0.0152,0.0639,0.0226,-0.0166,0.0503,0.0289,-0.0107,0.0416,0.0394,0.0719,-5.060,0.0349,None
33.8135,-0.0372,0.1315,0.0333,-0.0044,0.1550,0.0718,-0.0148,0.0641,0.0223,-0.0163,0.0504,0.0287,-0.0106,0.0417,0.0392,0.0718,-5.143,0.0350,None
33.8272,-0.0359,0.1321,0.0324,-0.0044,0.1546,0.0706,-0.0143,0.0644,0.0220,-0.0160,0.0507,0.0284,-0.0104,0.0419,0.0390,0.0718,-5.202,0.0351,None
33.8411,-0.0346,0.1326,0.0317,-0.0045,0.1541,0.0696,-0.0139,0.0646,0.0217,-0.0158,0.0509,0.0282,-0.0103,0.0420,0.0388,0.0718,-5.132,0.0352,None
33.8553,-0.0335,0.1332,0.0307,-0.0040,0.1543,0.0686,-0.0137,0.0648,0.0213,-0.0157,0.0511,0.0278,-0.0103,0.0422,0.0385,0.0718,-5.000,0.0354,None
33.8691,-0.0328,0.1336,0.0298,-0.0038,0.1545,0.0678,-0.0138,0.0650,0.0210,-0.0159,0.0512,0.0274,-0.0105,0.0423,0.0382,0.0717,-5.163,0.0357,None
33.8829,-0.0321,0.1339,0.0290,-0.0036,0.1547,0.0671,-0.0143,0.0650,0.0206,-0.0165,0.0513,0.0269,-0.0115,0.0424,0.0376,0.0716,-5.135,0.0363,None
33.8969,-0.0320,0.1341,0.0282,-0.0042,0.1549,0.0665,-0.0155,0.0650,0.0203,-0.0178,0.0513,0.0264,-0.0132,0.0424,0.0367,0.0715,-5.051,0.0373,None
33.9107,-0.0325,0.1342,0.0273,-0.0057,0.1550,0.0661,-0.0170,0.0649,0.0200,-0.0193,0.0513,0.0258,-0.0150,0.0423,0.0360,0.0714,-5.143,0.0384,None
33.9247,-0.0330,0.1343,0.0265,-0.0072,0.1550,0.0657,-0.0182,0.0649,0.0197,-0.0205,0.0513,0.0253,-0.0164,0.0422,0.0353,0.0712,-5.039,0.0391,None
33.9383,-0.0341,0.1342,0.0256,-0.0094,0.1550,0.0652,-0.0192,0.0649,0.0193,-0.0214,0.0511,0.0248,-0.0176,0.0421,0.0348,0.0712,-5.150,0.0394,None
33.9523,-0.0358,0.1339,0.0245,-0.0122,0.1551,0.0644,-0.0204,0.0648,0.0188,-0.0224,0.0510,0.0243,-0.0187,0.0419,0.0343,0.0711,-5.006,0.0395,None
33.9661,-0.0380,0.1336,0.0230,-0.0157,0.1553,0.0631,-0.0226,0.0649,0.0181,-0.0238,0.0508,0.0235,-0.0204,0.0419,0.0335,0.0706,-5.081,0.0404,None
33.9800,-0.0404,0.1331,0.0212,-0.0195,0.1554,0.0616,-0.0288,0.0660,0.0176,-0.0253,0.0507,0.0225,-0.0225,0.0418,0.0324,0.0682,-4.985,0.0452,None
33.9944,-0.0433,0.1325,0.0193,-0.0236,0.1557,0.0596,-0.0445,0.0741,0.0207,-0.0334,0.0525,0.0215,-0.0322,0.0441,0.0302,0.0584,-4.659,0.0595,None
34.0079,-0.0465,0.1306,0.0190,-0.0280,0.1563,0.0567,-0.0560,0.0862,0.0257,-0.0401,0.0541,0.0200,-0.0389,0.0460,0.0283,0.0459,-4.172,0.0716,None
34.0218,-0.0499,0.1279,0.0197,-0.0326,0.1567,0.0535,-0.0620,0.0936,0.0274,-0.0453,0.0557,0.0185,-0.0435,0.0470,0.0262,0.0372,-3.093,0.0777,None
34.0354,-0.0530,0.1253,0.0190,-0.0335,0.1594,0.0506,-0.0677,0.1068,0.0315,-0.0604,0.0692,0.0213,-0.0502,0.0498,0.0238,0.0267,-2.621,0.0871,None
34.0497,-0.0560,0.1231,0.0173,-0.0329,0.1625,0.0485,-0.0709,0.1171,0.0337,-0.0711,0.0839,0.0253,-0.0581,0.0569,0.0233,0.0229,-1.794,0.0937,None
34.0634,-0.0605,0.1197,0.0179,-0.0321,0.1657,0.0467,-0.0733,0.1230,0.0330,-0.0762,0.0917,0.0259,-0.0640,0.0634,0.0228,0.0202,-1.458,0.0973,None
34.0772,-0.0644,0.1175,0.0163,-0.0326,0.1675,0.0442,-0.0759,0.1226,0.0292,-0.0782,0.0912,0.0224,-0.0663,0.0652,0.0212,0.0180,-1.480,0.0974,None
34.0915,-0.0665,0.1165,0.0149,-0.0351,0.1677,0.0418,-0.0779,0.1213,0.0273,-0.0794,0.0894,0.0209,-0.0671,0.0641,0.0203,0.0175,-1.404,0.0971,None
34.1053,-0.0685,0.1154,0.0134,-0.0374,0.1679,0.0395,-0.0798,0.1200,0.0254,-0.0767,0.0821,0.0167,-0.0662,0.0614,0.0188,0.0170,-1.417,0.0968,None
34.1189,-0.0696,0.1148,0.0132,-0.0383,0.1682,0.0375,-0.0797,0.1149,0.0228,-0.0592,0.0612,0.0098,-0.0552,0.0521,0.0177,0.0139,-1.331,0.0935,None
34.1330,-0.0700,0.1146,0.0127,-0.0383,0.1687,0.0350,-0.0797,0.1105,0.0201,-0.0442,0.0536,0.0097,-0.0423,0.0451,0.0188,0.0129,-1.041,0.0911,None
34.1466,-0.0694,0.1150,0.0123,-0.0372,0.1694,0.0323,-0.0791,0.1084,0.0185,-0.0372,0.0528,0.0107,-0.0354,0.0442,0.0204,0.0132,-1.026,0.0900,None
34.1605,-0.0690,0.1153,0.0118,-0.0391,0.1685,0.0290,-0.0785,0.1070,0.0172,-0.0338,0.0531,0.0111,-0.0318,0.0444,0.0213,0.0138,-1.021,0.0892,None
34.1747,-0.0681,0.1158,0.0117,-0.0424,0.1661,0.0259,-0.0775,0.1064,0.0166,-0.0324,0.0536,0.0112,-0.0301,0.0450,0.0216,0.0142,-1.051,0.0887,None
34.1887,-0.0674,0.1162,0.0119,-0.0436,0.1649,0.0241,-0.0767,0.1056,0.0162,-0.0317,0.0539,0.0112,-0.0293,0.0454,0.0218,0.0148,-1.066,0.0883,None
34.2024,-0.0671,0.1162,0.0121,-0.0440,0.1641,0.0226,-0.0764,0.1059,0.0163,-0.0309,0.0541,0.0112,-0.0284,0.0459,0.0218,0.0145,-1.086,0.0886,None
34.2160,-0.0684,0.1151,0.0127,-0.0430,0.1645,0.0222,-0.0766,0.1075,0.0171,-0.0304,0.0543,0.0113,-0.0278,0.0461,0.0220,0.0120,-0.938,0.0900,None
34.2302,-0.0694,0.1141,0.0133,-0.0423,0.1647,0.0220,-0.0768,0.1092,0.0180,-0.0300,0.0543,0.0114,-0.0274,0.0463,0.0222,0.0101,-0.730,0.0913,None
34.2439,-0.0700,0.1135,0.0138,-0.0416,0.1649,0.0218,-0.0768,0.1104,0.0187,-0.0296,0.0544,0.0115,-0.0269,0.0465,0.0223,0.0089,-0.655,0.0922,None
34.2579,-0.0697,0.1136,0.0141,-0.0409,0.1651,0.0216,-0.0764,0.1110,0.0190,-0.0293,0.0544,0.0115,-0.0265,0.0466,0.0224,0.0087,-0.646,0.0925,None
34.2719,-0.0695,0.1138,0.0142,-0.0403,0.1654,0.0212,-0.0761,0.1112,0.0189,-0.0291,0.0545,0.0114,-0.0262,0.0468,0.0225,0.0086,-0.635,0.0925,None
34.2856,-0.0692,0.1139,0.0142,-0.0398,0.1656,0.0207,-0.0757,0.1114,0.0189,-0.0289,0.0545,0.0114,-0.0259,0.0470,0.0225,0.0084,-0.638,0.0925,None
34.2994,-0.0689,0.1141,0.0143,-0.0391,0.1659,0.0204,-0.0754,0.1116,0.0189,-0.0287,0.0546,0.0113,-0.0256,0.0472,0.0225,0.0083,-0.613,0.0925,None
34.3151,-0.0686,0.1142,0.0147,-0.0384,0.1662,0.0203,-0.0750,0.1118,0.0191,-0.0286,0.0546,0.0114,-0.0253,0.0473,0.0226,0.0081,-0.523,0.0925,None
34.3273,-0.0682,0.1145,0.0149,-0.0375,0.1665,0.0200,-0.0745,0.1120,0.0192,-0.0284,0.0547,0.0114,-0.0250,0.0475,0.0226,0.0080,-0.670,0.0925,None
34.3411,-0.0677,0.1147,0.0151,-0.0366,0.1668,0.0198,-0.0740,0.1123,0.0193,-0.0282,0.0548,0.0114,-0.0247,0.0476,0.0227,0.0079,-0.584,0.0925,None
34.3551,-0.0671,0.1150,0.0154,-0.0355,0.1672,0.0195,-0.0733,0.1126,0.0195,-0.0279,0.0549,0.0114,-0.0242,0.0478,0.0227,0.0078,-0.571,0.0925,None
34.3690,-0.0665,0.1153,0.0158,-0.0344,0.1676,0.0194,-0.0727,0.1129,0.0198,-0.0277,0.0550,0.0115,-0.0238,0.0480,0.0228,0.0077,-0.565,0.0925,None
34.3827,-0.0659,0.1156,0.0162,-0.0332,0.1679,0.0193,-0.0720,0.1131,0.0201,-0.0274,0.0551,0.0115,-0.0234,0.0482,0.0229,0.0077,-0.570,0.0924,None
34.3965,-0.0653,0.1159,0.0166,-0.0322,0.1683,0.0192,-0.0714,0.1133,0.0204,-0.0271,0.0552,0.0116,-0.0230,0.0484,0.0230,0.0076,-0.551,0.0924,None
34.4106,-0.0646,0.1162,0.0170,-0.0310,0.1686,0.0191,-0.0707,0.1136,0.0207,-0.0268,0.0553,0.0117,-0.0225,0.0486,0.0231,0.0075,-0.542,0.0923,None
34.4246,-0.0639,0.1165,0.0174,-0.0298,0.1690,0.0190,-0.0699,0.1139,0.0210,-0.0265,0.0555,0.0118,-0.0221,0.0488,0.0232,0.0074,-0.544,0.0923,None
34.4387,-0.0635,0.1167,0.0177,-0.0289,0.1693,0.0188,-0.0695,0.1141,0.0211,-0.0263,0.0556,0.0118,-0.0218,0.0489,0.0232,0.0073,-0.515,0.0922,None
34.4525,-0.0631,0.1168,0.0179,-0.0282,0.1695,0.0187,-0.0690,0.1143,0.0212,-0.0261,0.0557,0.0118,-0.0215,0.0491,0.0233,0.0073,-0.519,0.0922,None
34.4660,-0.0628,0.1170,0.0181,-0.0274,0.1697,0.0186,-0.0686,0.1144,0.0214,-0.0259,0.0557,0.0119,-0.0212,0.0492,0.0233,0.0072,-0.522,0.0921,None
34.4799,-0.0625,0.1171,0.0181,-0.0268,0.1699,0.0181,-0.0683,0.1146,0.0212,-0.0257,0.0558,0.0117,-0.0209,0.0494,0.0233,0.0071,-0.501,0.0921,None
34.4941,-0.0623,0.1173,0.0178,-0.0264,0.1701,0.0174,-0.0680,0.1147,0.0208,-0.0256,0.0559,0.0116,-0.0207,0.0495,0.0231,0.0070,-0.474,0.0921,None
34.5079,-0.0621,0.1174,0.0173,-0.0260,0.1703,0.0164,-0.0677,0.1148,0.0203,-0.0255,0.0560,0.0113,-0.0205,0.0497,0.0229,0.0069,-0.483,0.0920,None
34.5219,-0.0619,0.1176,0.0169,-0.0256,0.1704,0.0154,-0.0675,0.1149,0.0197,-0.0254,0.0561,0.0110,-0.0203,0.0500,0.0227,0.0068,-0.465,0.0919,None
34.5356,-0.0617,0.1178,0.0164,-0.0253,0.1706,0.0144,-0.0673,0.1150,0.0191,-0.0253,0.0561,0.0107,-0.0201,0.0502,0.0225,0.0068,-0.459,0.0918,None
34.5497,-0.0617,0.1178,0.0158,-0.0251,0.1707,0.0132,-0.0672,0.1149,0.0184,-0.0253,0.0562,0.0103,-0.0200,0.0504,0.0222,0.0067,-0.427,0.0918,None
34.5635,-0.0617,0.1179,0.0152,-0.0250,0.1708,0.0121,-0.0671,0.1149,0.0176,-0.0252,0.0563,0.0100,-0.0198,0.0506,0.0220,0.0066,-0.431,0.0917,None
34.5772,-0.0620,0.1178,0.0146,-0.0252,0.1708,0.0111,-0.0673,0.1146,0.0170,-0.0254,0.0563,0.0097,-0.0198,0.0507,0.0217,0.0066,-0.399,0.0915,None
34.5914,-0.0625,0.1176,0.0143,-0.0257,0.1708,0.0103,-0.0677,0.1141,0.0165,-0.0256,0.0562,0.0095,-0.0199,0.0508,0.0216,0.0066,-0.357,0.0914,None
34.6052,-0.0630,0.1174,0.0141,-0.0263,0.1707,0.0096,-0.0682,0.1132,0.0160,-0.0258,0.0561,0.0093,-0.0200,0.0509,0.0215,0.0069,-0.364,0.0911,None
34.6188,-0.0634,0.1173,0.0141,-0.0267,0.1706,0.0098,-0.0685,0.1118,0.0160,-0.0259,0.0559,0.0094,-0.0199,0.0509,0.0216,0.0077,-0.418,0.0906,None
34.6330,-0.0621,0.1186,0.0143,-0.0276,0.1681,0.0116,-0.0650,0.0989,0.0132,-0.0251,0.0561,0.0103,-0.0191,0.0508,0.0224,0.0200,-0.580,0.0824,None
34.6468,-0.0612,0.1207,0.0129,-0.0369,0.1574,0.0127,-0.0598,0.0893,0.0113,-0.0242,0.0562,0.0112,-0.0182,0.0508,0.0233,0.0315,-1.503,0.0750,None
34.6606,-0.0520,0.1288,0.0003,-0.0404,0.1479,0.0134,-0.0437,0.0749,0.0060,-0.0229,0.0565,0.0121,-0.0172,0.0507,0.0241,0.0548,-2.780,0.0578,None
34.6745,-0.0408,0.1341,-0.0058,-0.0374,0.1452,0.0174,-0.0291,0.0702,0.0055,-0.0212,0.0566,0.0138,-0.0160,0.0503,0.0258,0.0659,-4.085,0.0450,None
34.6886,-0.0372,0.1352,0.0002,-0.0335,0.1452,0.0239,-0.0203,0.0692,0.0078,-0.0194,0.0564,0.0164,-0.0144,0.0494,0.0282,0.0686,-4.462,0.0381,None
34.7022,-0.0335,0.1361,0.0067,-0.0294,0.1447,0.0310,-0.0151,0.0689,0.0108,-0.0175,0.0560,0.0192,-0.0123,0.0485,0.0308,0.0698,-4.788,0.0350,None
34.7161,-0.0319,0.1359,0.0130,-0.0267,0.1440,0.0369,-0.0128,0.0686,0.0135,-0.0161,0.0555,0.0217,-0.0103,0.0475,0.0330,0.0700,-4.756,0.0337,None
34.7307,-0.0308,0.1354,0.0185,-0.0246,0.1434,0.0422,-0.0119,0.0683,0.0158,-0.0148,0.0549,0.0238,-0.0089,0.0466,0.0348,0.0699,-4.570,0.0336,None
34.7442,-0.0297,0.1348,0.0238,-0.0194,0.1475,0.0497,-0.0109,0.0679,0.0181,-0.0134,0.0542,0.0259,-0.0076,0.0456,0.0363,0.0698,-4.966,0.0334,None
34.7578,-0.0288,0.1343,0.0274,-0.0145,0.1505,0.0554,-0.0101,0.0676,0.0197,-0.0123,0.0537,0.0273,-0.0069,0.0447,0.0375,0.0697,-5.016,0.0334,None
34.7720,-0.0286,0.1338,0.0299,-0.0128,0.1509,0.0591,-0.0100,0.0673,0.0210,-0.0122,0.0532,0.0283,-0.0070,0.0440,0.0384,0.0697,-4.887,0.0333,None
34.7855,-0.0284,0.1332,0.0323,-0.0117,0.1506,0.0624,-0.0098,0.0669,0.0222,-0.0120,0.0527,0.0292,-0.0071,0.0432,0.0392,0.0696,-5.114,0.0332,None
34.7995,-0.0296,0.1326,0.0337,-0.0136,0.1495,0.0646,-0.0104,0.0666,0.0230,-0.0129,0.0521,0.0297,-0.0084,0.0425,0.0397,0.0696,-4.956,0.0332,None
34.8135,-0.0316,0.1319,0.0345,-0.0169,0.1485,0.0664,-0.0117,0.0662,0.0236,-0.0143,0.0516,0.0300,-0.0103,0.0418,0.0399,0.0695,-4.920,0.0333,None
34.8272,-0.0339,0.1313,0.0347,-0.0204,0.1477,0.0672,-0.0132,0.0659,0.0238,-0.0158,0.0511,0.0299,-0.0127,0.0413,0.0398,0.0695,-5.037,0.0334,None
34.8414,-0.0361,0.1306,0.0350,-0.0237,0.1468,0.0680,-0.0146,0.0655,0.0241,-0.0172,0.0506,0.0299,-0.0153,0.0409,0.0397,0.0695,-4.851,0.0335,None
34.8551,-0.0380,0.1302,0.0346,-0.0265,0.1463,0.0677,-0.0158,0.0653,0.0238,-0.0184,0.0503,0.0295,-0.0170,0.0406,0.0393,0.0694,-4.979,0.0337,None
34.8692,-0.0393,0.1299,0.0341,-0.0283,0.1461,0.0671,-0.0174,0.0650,0.0234,-0.0192,0.0501,0.0292,-0.0177,0.0405,0.0389,0.0693,-4.892,0.0345,None
34.8832,-0.0404,0.1296,0.0338,-0.0307,0.1452,0.0661,-0.0193,0.0645,0.0231,-0.0205,0.0499,0.0287,-0.0186,0.0401,0.0385,0.0692,-4.882,0.0356,None
34.8966,-0.0414,0.1294,0.0333,-0.0323,0.1449,0.0651,-0.0209,0.0643,0.0226,-0.0218,0.0497,0.0281,-0.0196,0.0400,0.0379,0.0691,-5.091,0.0366,None
34.9108,-0.0426,0.1291,0.0325,-0.0339,0.1450,0.0642,-0.0221,0.0641,0.0221,-0.0230,0.0495,0.0276,-0.0207,0.0399,0.0373,0.0689,-4.802,0.0370,None
34.9247,-0.0438,0.1288,0.0319,-0.0354,0.1450,0.0634,-0.0231,0.0640,0.0217,-0.0240,0.0493,0.0271,-0.0218,0.0398,0.0368,0.0688,-4.905,0.0373,None
34.9387,-0.0455,0.1283,0.0312,-0.0373,0.1451,0.0628,-0.0245,0.0639,0.0213,-0.0251,0.0492,0.0266,-0.0235,0.0397,0.0359,0.0685,-4.852,0.0379,None
34.9524,-0.0475,0.1278,0.0302,-0.0340,0.1495,0.0644,-0.0380,0.0660,0.0221,-0.0336,0.0504,0.0259,-0.0322,0.0411,0.0343,0.0630,-4.937,0.0498,None
34.9664,-0.0498,0.1271,0.0289,-0.0322,0.1526,0.0652,-0.0478,0.0718,0.0254,-0.0399,0.0514,0.0253,-0.0382,0.0424,0.0332,0.0555,-4.400,0.0585,None
34.9800,-0.0532,0.1261,0.0270,-0.0335,0.1545,0.0650,-0.0601,0.0835,0.0323,-0.0514,0.0572,0.0269,-0.0477,0.0453,0.0320,0.0434,-4.026,0.0711,None
34.9941,-0.0570,0.1222,0.0282,-0.0345,0.1575,0.0640,-0.0689,0.0988,0.0406,-0.0642,0.0694,0.0322,-0.0578,0.0543,0.0334,0.0291,-2.808,0.0836,None
35.0077,-0.0611,0.1194,0.0262,-0.0383,0.1586,0.0603,-0.0727,0.1093,0.0442,-0.0726,0.0817,0.0370,-0.0653,0.0635,0.0361,0.0236,-1.994,0.0906,None
35.0218,-0.0684,0.1144,0.0245,-0.0424,0.1593,0.0563,-0.0758,0.1147,0.0436,-0.0775,0.0879,0.0374,-0.0700,0.0684,0.0361,0.0205,-1.495,0.0942,None
35.0354,-0.0740,0.1095,0.0261,-0.0459,0.1599,0.0521,-0.0784,0.1146,0.0400,-0.0797,0.0883,0.0347,-0.0722,0.0699,0.0348,0.0154,-1.392,0.0942,None
35.0497,-0.0765,0.1072,0.0275,-0.0482,0.1601,0.0495,-0.0800,0.1135,0.0383,-0.0807,0.0870,0.0334,-0.0729,0.0689,0.0339,0.0130,-1.138,0.0938,None
35.0634,-0.0785,0.1054,0.0279,-0.0504,0.1602,0.0471,-0.0816,0.1124,0.0365,-0.0787,0.0816,0.0295,-0.0705,0.0648,0.0308,0.0115,-1.073,0.0935,None
35.0770,-0.0792,0.1049,0.0279,-0.0511,0.1604,0.0456,-0.0831,0.1059,0.0326,-0.0641,0.0637,0.0205,-0.0588,0.0555,0.0273,0.0062,-0.973,0.0910,None
35.0915,-0.0794,0.1052,0.0272,-0.0512,0.1608,0.0439,-0.0836,0.0983,0.0276,-0.0492,0.0544,0.0172,-0.0442,0.0462,0.0248,0.0081,-0.527,0.0878,None
35.1050,-0.0797,0.1055,0.0262,-0.0531,0.1599,0.0417,-0.0834,0.0933,0.0245,-0.0416,0.0515,0.0166,-0.0366,0.0432,0.0249,0.0129,-0.648,0.0857,None
35.1189,-0.0791,0.1062,0.0256,-0.0578,0.1560,0.0384,-0.0826,0.0920,0.0233,-0.0375,0.0507,0.0165,-0.0321,0.0425,0.0254,0.0149,-1.020,0.0850,None
35.1330,-0.0784,0.1069,0.0251,-0.0598,0.1538,0.0359,-0.0819,0.0925,0.0230,-0.0365,0.0508,0.0162,-0.0309,0.0430,0.0255,0.0150,-1.129,0.0850,None
35.1470,-0.0778,0.1074,0.0247,-0.0588,0.1543,0.0347,-0.0813,0.0933,0.0227,-0.0361,0.0511,0.0159,-0.0304,0.0434,0.0254,0.0147,-1.133,0.0851,None
35.1605,-0.0772,0.1080,0.0242,-0.0578,0.1549,0.0334,-0.0811,0.0947,0.0227,-0.0356,0.0514,0.0156,-0.0298,0.0437,0.0252,0.0139,-1.149,0.0858,None
35.1746,-0.0767,0.1084,0.0237,-0.0568,0.1555,0.0324,-0.0814,0.0971,0.0232,-0.0353,0.0516,0.0154,-0.0294,0.0441,0.0251,0.0122,-1.040,0.0874,None
35.1883,-0.0764,0.1088,0.0231,-0.0561,0.1560,0.0315,-0.0816,0.0991,0.0235,-0.0351,0.0519,0.0151,-0.0292,0.0444,0.0249,0.0110,-0.924,0.0886,None
35.2024,-0.0762,0.1091,0.0224,-0.0553,0.1565,0.0305,-0.0817,0.1008,0.0235,-0.0349,0.0521,0.0148,-0.0290,0.0446,0.0247,0.0100,-0.812,0.0896,None
35.2160,-0.0760,0.1094,0.0219,-0.0547,0.1569,0.0299,-0.0816,0.1018,0.0235,-0.0349,0.0522,0.0146,-0.0289,0.0448,0.0246,0.0095,-0.759,0.0902,None
35.2302,-0.0760,0.1095,0.0216,-0.0543,0.1572,0.0295,-0.0816,0.1024,0.0234,-0.0350,0.0523,0.0144,-0.0289,0.0449,0.0245,0.0092,-0.674,0.0905,None
35.2441,-0.0759,0.1095,0.0214,-0.0539,0.1575,0.0291,-0.0816,0.1030,0.0233,-0.0351,0.0523,0.0142,-0.0289,0.0450,0.0244,0.0089,-0.659,0.0909,None
35.2577,-0.0760,0.1095,0.0212,-0.0537,0.1577,0.0290,-0.0816,0.1033,0.0232,-0.0353,0.0524,0.0141,-0.0290,0.0450,0.0244,0.0086,-0.645,0.0910,None
35.2719,-0.0762,0.1093,0.0212,-0.0537,0.1578,0.0289,-0.0818,0.1033,0.0231,-0.0355,0.0523,0.0140,-0.0291,0.0450,0.0244,0.0084,-0.587,0.0911,None
35.2858,-0.0765,0.1092,0.0212,-0.0538,0.1579,0.0289,-0.0820,0.1033,0.0231,-0.0357,0.0522,0.0140,-0.0292,0.0449,0.0244,0.0082,-0.586,0.0912,None
35.2993,-0.0770,0.1088,0.0214,-0.0542,0.1578,0.0290,-0.0823,0.1031,0.0232,-0.0359,0.0520,0.0140,-0.0293,0.0448,0.0245,0.0080,-0.563,0.0913,None
35.3136,-0.0775,0.1084,0.0216,-0.0546,0.1578,0.0291,-0.0827,0.1029,0.0234,-0.0360,0.0519,0.0140,-0.0293,0.0447,0.0246,0.0078,-0.515,0.0914,None
35.3275,-0.0780,0.1080,0.0218,-0.0550,0.1577,0.0293,-0.0831,0.1027,0.0236,-0.0362,0.0517,0.0141,-0.0294,0.0446,0.0248,0.0076,-0.511,0.0915,None
35.3412,-0.0784,0.1076,0.0222,-0.0553,0.1576,0.0296,-0.0833,0.1025,0.0240,-0.0362,0.0516,0.0142,-0.0294,0.0445,0.0250,0.0074,-0.502,0.0915,None
35.3555,-0.0786,0.1074,0.0226,-0.0554,0.1576,0.0299,-0.0834,0.1024,0.0244,-0.0362,0.0515,0.0144,-0.0293,0.0444,0.0252,0.0072,-0.476,0.0916,None
35.3689,-0.0786,0.1073,0.0231,-0.0552,0.1577,0.0303,-0.0833,0.1024,0.0248,-0.0361,0.0515,0.0146,-0.0287,0.0445,0.0255,0.0070,-0.497,0.0916,None
35.3826,-0.0786,0.1072,0.0236,-0.0549,0.1578,0.0307,-0.0832,0.1024,0.0253,-0.0359,0.0514,0.0148,-0.0278,0.0445,0.0260,0.0068,-0.471,0.0917,None
35.3968,-0.0786,0.1070,0.0243,-0.0545,0.1579,0.0313,-0.0830,0.1024,0.0260,-0.0357,0.0514,0.0151,-0.0273,0.0445,0.0264,0.0066,-0.439,0.0917,None
35.4106,-0.0783,0.1070,0.0252,-0.0539,0.1580,0.0320,-0.0827,0.1025,0.0269,-0.0354,0.0514,0.0155,-0.0269,0.0445,0.0268,0.0065,-0.443,0.0917,None
35.4249,-0.0780,0.1070,0.0263,-0.0532,0.1582,0.0328,-0.0822,0.1026,0.0280,-0.0350,0.0514,0.0160,-0.0264,0.0446,0.0272,0.0063,-0.423,0.0917,None
35.4380,-0.0776,0.1069,0.0277,-0.0524,0.1583,0.0339,-0.0817,0.1025,0.0293,-0.0346,0.0514,0.0166,-0.0259,0.0446,0.0277,0.0062,-0.427,0.0917,None
35.4521,-0.0772,0.1068,0.0290,-0.0516,0.1583,0.0351,-0.0810,0.1024,0.0307,-0.0342,0.0513,0.0172,-0.0253,0.0445,0.0283,0.0061,-0.362,0.0917,None
35.4659,-0.0756,0.1076,0.0307,-0.0489,0.1586,0.0377,-0.0791,0.1027,0.0327,-0.0331,0.0516,0.0182,-0.0243,0.0446,0.0292,0.0064,-0.519,0.0914,None
35.4800,-0.0736,0.1085,0.0326,-0.0458,0.1588,0.0404,-0.0766,0.1024,0.0344,-0.0319,0.0519,0.0194,-0.0231,0.0446,0.0302,0.0071,-0.530,0.0905,None
35.4938,-0.0675,0.1145,0.0285,-0.0420,0.1546,0.0430,-0.0651,0.0920,0.0306,-0.0290,0.0527,0.0213,-0.0205,0.0448,0.0317,0.0228,-0.909,0.0787,None
35.5077,-0.0593,0.1222,0.0224,-0.0359,0.1494,0.0472,-0.0477,0.0813,0.0273,-0.0253,0.0533,0.0241,-0.0171,0.0447,0.0340,0.0428,-2.005,0.0629,None
35.5215,-0.0456,0.1304,0.0193,-0.0283,0.1456,0.0517,-0.0363,0.0777,0.0280,-0.0214,0.0537,0.0268,-0.0136,0.0442,0.0362,0.0543,-3.369,0.0555,None
35.5355,-0.0363,0.1333,0.0234,-0.0209,0.1437,0.0600,-0.0239,0.0721,0.0287,-0.0176,0.0530,0.0302,-0.0102,0.0429,0.0392,0.0627,-3.870,0.0456,None
35.5497,-0.0353,0.1323,0.0300,-0.0189,0.1411,0.0670,-0.0177,0.0690,0.0307,-0.0154,0.0517,0.0332,-0.0078,0.0412,0.0420,0.0657,-4.180,0.0399,None
35.5636,-0.0341,0.1312,0.0361,-0.0162,0.1391,0.0738,-0.0138,0.0672,0.0331,-0.0134,0.0504,0.0359,-0.0057,0.0396,0.0445,0.0671,-4.535,0.0370,None
35.5770,-0.0375,0.1292,0.0396,-0.0140,0.1427,0.0820,-0.0143,0.0659,0.0346,-0.0141,0.0491,0.0373,-0.0065,0.0383,0.0457,0.0676,-4.784,0.0359,None
35.5914,-0.0411,0.1276,0.0414,-0.0124,0.1455,0.0876,-0.0161,0.0650,0.0353,-0.0155,0.0482,0.0378,-0.0080,0.0374,0.0463,0.0677,-4.523,0.0358,None
35.6050,-0.0442,0.1259,0.0433,-0.0125,0.1459,0.0915,-0.0175,0.0640,0.0361,-0.0167,0.0472,0.0384,-0.0093,0.0365,0.0469,0.0678,-4.817,0.0356,None
35.6189,-0.0465,0.1249,0.0438,-0.0150,0.1452,0.0928,-0.0187,0.0635,0.0363,-0.0178,0.0466,0.0386,-0.0106,0.0359,0.0470,0.0678,-4.802,0.0355,None
35.6330,-0.0476,0.1246,0.0433,-0.0205,0.1433,0.0918,-0.0195,0.0634,0.0359,-0.0185,0.0465,0.0382,-0.0116,0.0358,0.0468,0.0678,-4.786,0.0356,None
35.6468,-0.0481,0.1247,0.0425,-0.0250,0.1418,0.0900,-0.0201,0.0634,0.0353,-0.0190,0.0466,0.0378,-0.0129,0.0360,0.0464,0.0678,-4.914,0.0356,None
35.6606,-0.0486,0.1247,0.0419,-0.0285,0.1405,0.0885,-0.0206,0.0635,0.0348,-0.0195,0.0466,0.0374,-0.0145,0.0361,0.0460,0.0677,-4.857,0.0357,None
35.6746,-0.0490,0.1248,0.0409,-0.0298,0.1408,0.0874,-0.0210,0.0636,0.0342,-0.0199,0.0468,0.0369,-0.0157,0.0363,0.0455,0.0676,-4.808,0.0357,None
35.6888,-0.0494,0.1250,0.0399,-0.0309,0.1412,0.0860,-0.0215,0.0638,0.0335,-0.0204,0.0470,0.0363,-0.0164,0.0365,0.0450,0.0675,-4.723,0.0358,None
35.7025,-0.0497,0.1249,0.0395,-0.0326,0.1410,0.0845,-0.0220,0.0639,0.0329,-0.0208,0.0471,0.0358,-0.0169,0.0367,0.0445,0.0673,-4.848,0.0359,None
35.7161,-0.0500,0.1247,0.0393,-0.0343,0.1407,0.0829,-0.0225,0.0640,0.0322,-0.0213,0.0472,0.0353,-0.0175,0.0368,0.0441,0.0670,-4.903,0.0360,None
35.7303,-0.0504,0.1240,0.0397,-0.0357,0.1407,0.0817,-0.0235,0.0639,0.0316,-0.0218,0.0473,0.0348,-0.0181,0.0369,0.0437,0.0663,-4.627,0.0365,None
35.7441,-0.0509,0.1232,0.0401,-0.0370,0.1409,0.0806,-0.0251,0.0637,0.0309,-0.0227,0.0473,0.0342,-0.0189,0.0370,0.0432,0.0655,-4.740,0.0375,None
35.7580,-0.0516,0.1229,0.0396,-0.0384,0.1411,0.0796,-0.0267,0.0635,0.0302,-0.0240,0.0471,0.0334,-0.0200,0.0370,0.0425,0.0651,-4.619,0.0385,None
35.7724,-0.0525,0.1227,0.0390,-0.0399,0.1411,0.0790,-0.0280,0.0632,0.0296,-0.0251,0.0470,0.0328,-0.0210,0.0369,0.0420,0.0650,-4.470,0.0391,None
35.7857,-0.0540,0.1222,0.0384,-0.0420,0.1409,0.0785,-0.0309,0.0632,0.0293,-0.0263,0.0467,0.0324,-0.0225,0.0367,0.0415,0.0640,-4.832,0.0410,None
35.7994,-0.0556,0.1216,0.0378,-0.0442,0.1407,0.0781,-0.0347,0.0633,0.0290,-0.0275,0.0465,0.0319,-0.0249,0.0366,0.0407,0.0625,-4.589,0.0437,None
35.8136,-0.0572,0.1210,0.0374,-0.0432,0.1425,0.0799,-0.0483,0.0659,0.0310,-0.0375,0.0473,0.0310,-0.0348,0.0377,0.0385,0.0561,-4.355,0.0561,None
35.8279,-0.0589,0.1203,0.0368,-0.0425,0.1442,0.0813,-0.0619,0.0724,0.0364,-0.0515,0.0522,0.0331,-0.0459,0.0405,0.0377,0.0480,-3.887,0.0692,None
35.8416,-0.0607,0.1196,0.0361,-0.0428,0.1451,0.0823,-0.0689,0.0802,0.0431,-0.0604,0.0583,0.0373,-0.0534,0.0450,0.0397,0.0409,-3.446,0.0771,None
35.8553,-0.0631,0.1188,0.0340,-0.0432,0.1471,0.0821,-0.0752,0.0907,0.0511,-0.0705,0.0678,0.0437,-0.0617,0.0522,0.0436,0.0350,-2.988,0.0860,None
35.8694,-0.0662,0.1161,0.0337,-0.0446,0.1490,0.0806,-0.0790,0.0991,0.0569,-0.0777,0.0784,0.0520,-0.0686,0.0628,0.0520,0.0315,-2.384,0.0923,None
35.8829,-0.0691,0.1133,0.0333,-0.0464,0.1506,0.0788,-0.0819,0.1038,0.0591,-0.0818,0.0839,0.0555,-0.0724,0.0675,0.0552,0.0303,-2.313,0.0960,None
35.8969,-0.0736,0.1085,0.0366,-0.0497,0.1511,0.0761,-0.0843,0.1044,0.0576,-0.0841,0.0858,0.0556,-0.0744,0.0699,0.0564,0.0239,-1.958,0.0965,None
35.9110,-0.0771,0.1035,0.0415,-0.0516,0.1518,0.0734,-0.0855,0.1041,0.0558,-0.0851,0.0855,0.0542,-0.0751,0.0700,0.0556,0.0166,-1.449,0.0962,None
35.9248,-0.0800,0.0991,0.0444,-0.0533,0.1525,0.0708,-0.0868,0.1037,0.0541,-0.0860,0.0851,0.0529,-0.0758,0.0700,0.0546,0.0126,-1.168,0.0960,None
35.9384,-0.0807,0.0988,0.0439,-0.0540,0.1534,0.0682,-0.0871,0.1032,0.0528,-0.0824,0.0762,0.0444,-0.0714,0.0629,0.0473,0.0118,-1.095,0.0956,None
35.9526,-0.0805,0.0992,0.0436,-0.0535,0.1545,0.0661,-0.0870,0.0961,0.0466,-0.0648,0.0559,0.0287,-0.0530,0.0436,0.0334,0.0078,-0.901,0.0915,None
35.9663,-0.0799,0.0999,0.0432,-0.0525,0.1557,0.0639,-0.0865,0.0904,0.0417,-0.0492,0.0483,0.0240,-0.0387,0.0376,0.0315,0.0117,-0.636,0.0888,None
35.9807,-0.0793,0.1006,0.0428,-0.0516,0.1568,0.0617,-0.0856,0.0867,0.0387,-0.0416,0.0465,0.0231,-0.0321,0.0367,0.0319,0.0158,-0.874,0.0868,None
35.9941,-0.0786,0.1013,0.0424,-0.0507,0.1578,0.0598,-0.0848,0.0857,0.0374,-0.0378,0.0461,0.0227,-0.0292,0.0368,0.0320,0.0174,-1.232,0.0861,None
36.0079,-0.0780,0.1020,0.0419,-0.0500,0.1586,0.0578,-0.0840,0.0855,0.0366,-0.0354,0.0462,0.0224,-0.0274,0.0372,0.0320,0.0183,-1.320,0.0857,None
36.0220,-0.0777,0.1025,0.0411,-0.0517,0.1579,0.0558,-0.0837,0.0860,0.0360,-0.0350,0.0464,0.0220,-0.0268,0.0375,0.0318,0.0182,-1.325,0.0857,None
36.0357,-0.0776,0.1028,0.0406,-0.0537,0.1565,0.0543,-0.0835,0.0865,0.0357,-0.0348,0.0466,0.0218,-0.0266,0.0378,0.0317,0.0180,-1.346,0.0858,None
36.0498,-0.0774,0.1031,0.0401,-0.0546,0.1559,0.0531,-0.0833,0.0870,0.0353,-0.0347,0.0468,0.0216,-0.0265,0.0380,0.0315,0.0178,-1.269,0.0859,None
36.0636,-0.0773,0.1034,0.0396,-0.0550,0.1557,0.0520,-0.0833,0.0879,0.0353,-0.0345,0.0470,0.0214,-0.0264,0.0382,0.0314,0.0171,-1.287,0.0864,None
36.0771,-0.0771,0.1037,0.0388,-0.0546,0.1561,0.0510,-0.0834,0.0890,0.0350,-0.0345,0.0472,0.0211,-0.0264,0.0385,0.0311,0.0164,-1.267,0.0869,None
36.0915,-0.0771,0.1041,0.0377,-0.0543,0.1567,0.0494,-0.0832,0.0897,0.0341,-0.0345,0.0475,0.0206,-0.0264,0.0389,0.0307,0.0161,-1.132,0.0870,None
36.1051,-0.0771,0.1044,0.0366,-0.0540,0.1573,0.0479,-0.0831,0.0903,0.0332,-0.0344,0.0477,0.0201,-0.0264,0.0392,0.0304,0.0157,-1.160,0.0871,None
36.1189,-0.0771,0.1048,0.0354,-0.0537,0.1578,0.0463,-0.0829,0.0910,0.0322,-0.0344,0.0480,0.0195,-0.0265,0.0396,0.0300,0.0154,-1.116,0.0872,None
36.1331,-0.0770,0.1052,0.0344,-0.0534,0.1584,0.0449,-0.0828,0.0916,0.0313,-0.0344,0.0483,0.0191,-0.0265,0.0399,0.0296,0.0151,-1.082,0.0873,None
36.1467,-0.0768,0.1056,0.0334,-0.0529,0.1588,0.0436,-0.0825,0.0922,0.0305,-0.0344,0.0486,0.0187,-0.0265,0.0403,0.0293,0.0148,-1.101,0.0874,None
36.1605,-0.0767,0.1060,0.0324,-0.0525,0.1593,0.0423,-0.0823,0.0929,0.0297,-0.0343,0.0488,0.0183,-0.0265,0.0406,0.0290,0.0146,-1.073,0.0875,None
36.1744,-0.0762,0.1066,0.0317,-0.0516,0.1599,0.0414,-0.0818,0.0937,0.0292,-0.0341,0.0492,0.0180,-0.0263,0.0410,0.0288,0.0143,-1.072,0.0876,None
36.1886,-0.0755,0.1072,0.0311,-0.0503,0.1605,0.0406,-0.0812,0.0946,0.0287,-0.0338,0.0496,0.0177,-0.0261,0.0413,0.0286,0.0140,-1.035,0.0877,None
36.2024,-0.0748,0.1079,0.0304,-0.0491,0.1611,0.0398,-0.0805,0.0956,0.0283,-0.0335,0.0499,0.0175,-0.0259,0.0417,0.0284,0.0137,-1.051,0.0878,None
36.2160,-0.0742,0.1085,0.0298,-0.0479,0.1617,0.0390,-0.0798,0.0965,0.0279,-0.0333,0.0503,0.0172,-0.0257,0.0421,0.0282,0.0134,-1.038,0.0879,None
36.2302,-0.0735,0.1091,0.0292,-0.0466,0.1623,0.0380,-0.0791,0.0975,0.0275,-0.0331,0.0508,0.0169,-0.0255,0.0425,0.0279,0.0130,-0.974,0.0880,None
36.2438,-0.0727,0.1098,0.0286,-0.0453,0.1629,0.0370,-0.0783,0.0986,0.0270,-0.0330,0.0512,0.0167,-0.0253,0.0430,0.0277,0.0127,-0.996,0.0882,None
36.2579,-0.0720,0.1105,0.0278,-0.0440,0.1635,0.0357,-0.0776,0.0996,0.0264,-0.0328,0.0517,0.0162,-0.0251,0.0434,0.0273,0.0123,-0.936,0.0883,None
36.2720,-0.0712,0.1113,0.0267,-0.0425,0.1642,0.0340,-0.0767,0.1007,0.0255,-0.0326,0.0522,0.0157,-0.0247,0.0440,0.0269,0.0120,-0.905,0.0884,None
36.2868,-0.0704,0.1120,0.0259,-0.0411,0.1648,0.0326,-0.0758,0.1017,0.0248,-0.0322,0.0526,0.0153,-0.0243,0.0444,0.0266,0.0117,-0.810,0.0885,None
36.2993,-0.0696,0.1127,0.0251,-0.0397,0.1654,0.0312,-0.0749,0.1026,0.0241,-0.0318,0.0530,0.0149,-0.0239,0.0449,0.0263,0.0115,-0.921,0.0885,None
36.3135,-0.0714,0.1112,0.0247,-0.0389,0.1656,0.0302,-0.0743,0.1029,0.0236,-0.0316,0.0532,0.0146,-0.0235,0.0452,0.0262,0.0088,-0.582,0.0885,None
36.3274,-0.0704,0.1120,0.0245,-0.0394,0.1640,0.0298,-0.0733,0.1028,0.0239,-0.0310,0.0534,0.0149,-0.0230,0.0454,0.0264,0.0097,-0.658,0.0881,None
36.3414,-0.0700,0.1143,0.0208,-0.0406,0.1615,0.0291,-0.0704,0.0982,0.0221,-0.0304,0.0535,0.0152,-0.0225,0.0456,0.0266,0.0161,-0.809,0.0840,None
36.3554,-0.0669,0.1183,0.0127,-0.0483,0.1489,0.0250,-0.0580,0.0811,0.0142,-0.0293,0.0538,0.0154,-0.0215,0.0459,0.0268,0.0384,-1.532,0.0680,None
36.3691,-0.0625,0.1215,0.0098,-0.0477,0.1431,0.0243,-0.0443,0.0734,0.0115,-0.0276,0.0543,0.0161,-0.0201,0.0461,0.0275,0.0515,-2.892,0.0551,None
36.3829,-0.0540,0.1266,0.0079,-0.0453,0.1400,0.0247,-0.0367,0.0713,0.0113,-0.0259,0.0547,0.0170,-0.0186,0.0464,0.0281,0.0581,-3.815,0.0493,None
36.3970,-0.0515,0.1274,0.0108,-0.0424,0.1403,0.0271,-0.0302,0.0704,0.0121,-0.0243,0.0548,0.0181,-0.0171,0.0463,0.0291,0.0609,-4.138,0.0442,None
36.4110,-0.0499,0.1278,0.0133,-0.0404,0.1407,0.0293,-0.0272,0.0701,0.0129,-0.0233,0.0548,0.0190,-0.0161,0.0461,0.0299,0.0620,-4.353,0.0422,None
36.4248,-0.0482,0.1280,0.0158,-0.0383,0.1411,0.0314,-0.0251,0.0699,0.0139,-0.0222,0.0548,0.0200,-0.0150,0.0459,0.0306,0.0626,-4.493,0.0410,None
36.4385,-0.0478,0.1279,0.0177,-0.0361,0.1451,0.0349,-0.0246,0.0698,0.0148,-0.0217,0.0545,0.0207,-0.0145,0.0456,0.0312,0.0627,-4.544,0.0409,None
36.4525,-0.0481,0.1277,0.0190,-0.0333,0.1510,0.0389,-0.0248,0.0695,0.0154,-0.0217,0.0542,0.0213,-0.0145,0.0452,0.0317,0.0627,-4.434,0.0409,None
36.4661,-0.0488,0.1273,0.0201,-0.0328,0.1524,0.0410,-0.0252,0.0692,0.0160,-0.0220,0.0539,0.0217,-0.0148,0.0449,0.0321,0.0628,-4.530,0.0410,None
36.4801,-0.0493,0.1270,0.0212,-0.0329,0.1527,0.0426,-0.0256,0.0690,0.0165,-0.0222,0.0536,0.0221,-0.0150,0.0445,0.0324,0.0628,-4.427,0.0411,None
36.4942,-0.0500,0.1266,0.0221,-0.0339,0.1521,0.0439,-0.0261,0.0686,0.0170,-0.0226,0.0532,0.0225,-0.0154,0.0441,0.0328,0.0629,-4.407,0.0412,None
36.5081,-0.0507,0.1262,0.0226,-0.0348,0.1517,0.0448,-0.0266,0.0683,0.0172,-0.0231,0.0529,0.0227,-0.0158,0.0437,0.0329,0.0630,-4.456,0.0412,None
36.5219,-0.0513,0.1260,0.0231,-0.0358,0.1512,0.0456,-0.0271,0.0680,0.0175,-0.0235,0.0526,0.0229,-0.0163,0.0434,0.0331,0.0630,-4.509,0.0413,None
36.5358,-0.0520,0.1257,0.0234,-0.0367,0.1508,0.0463,-0.0275,0.0678,0.0176,-0.0239,0.0523,0.0230,-0.0168,0.0430,0.0332,0.0631,-4.472,0.0413,None
36.5498,-0.0525,0.1255,0.0234,-0.0376,0.1505,0.0467,-0.0279,0.0675,0.0176,-0.0243,0.0520,0.0230,-0.0173,0.0428,0.0333,0.0632,-4.418,0.0413,None
36.5638,-0.0530,0.1253,0.0235,-0.0385,0.1502,0.0472,-0.0283,0.0673,0.0176,-0.0247,0.0518,0.0230,-0.0178,0.0425,0.0333,0.0633,-4.459,0.0413,None
36.5773,-0.0536,0.1251,0.0235,-0.0395,0.1498,0.0477,-0.0287,0.0670,0.0176,-0.0252,0.0515,0.0229,-0.0183,0.0422,0.0333,0.0635,-4.588,0.0412,None
36.5915,-0.0543,0.1248,0.0238,-0.0407,0.1493,0.0485,-0.0293,0.0667,0.0177,-0.0257,0.0511,0.0230,-0.0190,0.0418,0.0334,0.0636,-4.422,0.0413,None
36.6054,-0.0551,0.1244,0.0241,-0.0422,0.1486,0.0494,-0.0300,0.0663,0.0178,-0.0264,0.0507,0.0231,-0.0198,0.0414,0.0335,0.0637,-4.486,0.0413,None
36.6189,-0.0558,0.1239,0.0250,-0.0435,0.1478,0.0509,-0.0311,0.0657,0.0183,-0.0271,0.0503,0.0233,-0.0206,0.0408,0.0338,0.0636,-4.630,0.0419,None
36.6331,-0.0570,0.1232,0.0260,-0.0453,0.1469,0.0524,-0.0368,0.0656,0.0192,-0.0283,0.0498,0.0236,-0.0231,0.0403,0.0337,0.0614,-4.412,0.0466,None
36.6469,-0.0587,0.1223,0.0265,-0.0477,0.1461,0.0535,-0.0481,0.0686,0.0214,-0.0348,0.0502,0.0235,-0.0302,0.0403,0.0323,0.0550,-4.361,0.0567,None
36.6609,-0.0606,0.1213,0.0269,-0.0502,0.1451,0.0545,-0.0567,0.0754,0.0261,-0.0428,0.0536,0.0251,-0.0360,0.0405,0.0312,0.0460,-3.842,0.0648,None
36.6748,-0.0625,0.1199,0.0283,-0.0470,0.1490,0.0592,-0.0667,0.0912,0.0384,-0.0593,0.0666,0.0335,-0.0515,0.0507,0.0353,0.0307,-3.198,0.0785,None
36.6887,-0.0647,0.1180,0.0294,-0.0433,0.1532,0.0628,-0.0702,0.1019,0.0470,-0.0677,0.0771,0.0415,-0.0596,0.0596,0.0404,0.0245,-2.015,0.0864,None
36.7027,-0.0665,0.1143,0.0330,-0.0414,0.1556,0.0655,-0.0723,0.1067,0.0515,-0.0719,0.0820,0.0458,-0.0638,0.0638,0.0436,0.0208,-1.360,0.0905,None
36.7163,-0.0683,0.1122,0.0338,-0.0417,0.1566,0.0655,-0.0738,0.1070,0.0514,-0.0733,0.0822,0.0457,-0.0655,0.0651,0.0446,0.0192,-1.410,0.0909,None
36.7304,-0.0708,0.1098,0.0356,-0.0439,0.1568,0.0637,-0.0754,0.1063,0.0494,-0.0744,0.0814,0.0439,-0.0665,0.0646,0.0431,0.0150,-1.189,0.0906,None
36.7440,-0.0731,0.1072,0.0374,-0.0459,0.1570,0.0619,-0.0769,0.1055,0.0475,-0.0742,0.0789,0.0409,-0.0673,0.0640,0.0417,0.0109,-0.941,0.0902,None
36.7579,-0.0748,0.1058,0.0376,-0.0477,0.1573,0.0596,-0.0790,0.0992,0.0415,-0.0637,0.0622,0.0282,-0.0574,0.0528,0.0324,0.0088,-0.785,0.0875,None
36.7721,-0.0756,0.1056,0.0368,-0.0485,0.1579,0.0577,-0.0798,0.0909,0.0351,-0.0515,0.0524,0.0224,-0.0441,0.0437,0.0277,0.0153,-0.643,0.0840,None
36.7858,-0.0766,0.1057,0.0352,-0.0493,0.1583,0.0560,-0.0800,0.0860,0.0313,-0.0448,0.0490,0.0208,-0.0371,0.0406,0.0271,0.0204,-1.106,0.0820,None
36.7994,-0.0771,0.1058,0.0343,-0.0497,0.1587,0.0544,-0.0800,0.0840,0.0299,-0.0418,0.0476,0.0200,-0.0331,0.0396,0.0273,0.0224,-1.468,0.0813,None
36.8138,-0.0773,0.1058,0.0336,-0.0507,0.1589,0.0522,-0.0804,0.0846,0.0296,-0.0415,0.0475,0.0196,-0.0325,0.0398,0.0272,0.0218,-1.538,0.0818,None
36.8276,-0.0775,0.1060,0.0326,-0.0520,0.1586,0.0498,-0.0814,0.0862,0.0297,-0.0413,0.0477,0.0192,-0.0323,0.0400,0.0269,0.0204,-1.577,0.0832,None
36.8413,-0.0776,0.1062,0.0315,-0.0532,0.1585,0.0473,-0.0824,0.0880,0.0298,-0.0411,0.0479,0.0187,-0.0321,0.0403,0.0266,0.0189,-1.486,0.0847,None
36.8553,-0.0776,0.1066,0.0299,-0.0531,0.1592,0.0447,-0.0826,0.0890,0.0287,-0.0409,0.0482,0.0180,-0.0320,0.0408,0.0261,0.0183,-1.396,0.0851,None
36.8691,-0.0775,0.1071,0.0282,-0.0527,0.1601,0.0419,-0.0825,0.0900,0.0274,-0.0407,0.0486,0.0172,-0.0318,0.0413,0.0255,0.0178,-1.383,0.0854,None
36.8831,-0.0773,0.1077,0.0264,-0.0525,0.1607,0.0389,-0.0825,0.0913,0.0260,-0.0404,0.0490,0.0163,-0.0316,0.0418,0.0249,0.0172,-1.344,0.0859,None
36.8968,-0.0771,0.1082,0.0246,-0.0528,0.1610,0.0359,-0.0823,0.0922,0.0244,-0.0401,0.0494,0.0155,-0.0313,0.0424,0.0243,0.0169,-1.343,0.0861,None
36.9108,-0.0767,0.1088,0.0232,-0.0529,0.1609,0.0334,-0.0818,0.0931,0.0233,-0.0397,0.0499,0.0148,-0.0310,0.0430,0.0239,0.0165,-1.279,0.0862,None
36.9248,-0.0762,0.1094,0.0218,-0.0529,0.1610,0.0310,-0.0814,0.0940,0.0221,-0.0393,0.0503,0.0142,-0.0305,0.0436,0.0236,0.0162,-1.259,0.0864,None
36.9386,-0.0756,0.1101,0.0205,-0.0520,0.1615,0.0288,-0.0807,0.0950,0.0210,-0.0389,0.0508,0.0136,-0.0302,0.0441,0.0231,0.0159,-1.252,0.0865,None
36.9526,-0.0750,0.1107,0.0194,-0.0507,0.1622,0.0270,-0.0800,0.0960,0.0201,-0.0385,0.0512,0.0131,-0.0298,0.0447,0.0228,0.0156,-1.173,0.0866,None
36.9664,-0.0741,0.1114,0.0188,-0.0492,0.1629,0.0257,-0.0791,0.0969,0.0196,-0.0379,0.0517,0.0128,-0.0292,0.0452,0.0227,0.0154,-1.142,0.0867,None
36.9802,-0.0732,0.1121,0.0181,-0.0476,0.1635,0.0244,-0.0782,0.0979,0.0191,-0.0372,0.0521,0.0125,-0.0286,0.0457,0.0225,0.0151,-1.125,0.0867,None
36.9943,-0.0742,0.1111,0.0179,-0.0465,0.1639,0.0235,-0.0774,0.0984,0.0188,-0.0367,0.0524,0.0124,-0.0282,0.0460,0.0225,0.0132,-0.906,0.0867,None
37.0085,-0.0727,0.1121,0.0180,-0.0444,0.1643,0.0234,-0.0758,0.0989,0.0191,-0.0358,0.0529,0.0127,-0.0273,0.0465,0.0228,0.0137,-0.966,0.0863,None
37.0225,-0.0711,0.1132,0.0181,-0.0433,0.1636,0.0231,-0.0723,0.0954,0.0178,-0.0349,0.0534,0.0129,-0.0265,0.0469,0.0230,0.0179,-1.020,0.0827,None
37.0358,-0.0672,0.1155,0.0192,-0.0485,0.1516,0.0206,-0.0607,0.0864,0.0144,-0.0329,0.0543,0.0137,-0.0245,0.0477,0.0237,0.0302,-1.503,0.0709,None
37.0500,-0.0617,0.1190,0.0195,-0.0440,0.1485,0.0233,-0.0495,0.0821,0.0152,-0.0300,0.0552,0.0160,-0.0212,0.0483,0.0257,0.0391,-2.261,0.0621,None
37.0637,-0.0553,0.1225,0.0193,-0.0383,0.1469,0.0265,-0.0417,0.0811,0.0172,-0.0263,0.0561,0.0183,-0.0175,0.0488,0.0276,0.0436,-2.952,0.0577,None
37.0774,-0.0497,0.1233,0.0272,-0.0322,0.1469,0.0339,-0.0332,0.0777,0.0198,-0.0226,0.0561,0.0218,-0.0135,0.0484,0.0306,0.0490,-3.191,0.0516,None
37.0917,-0.0465,0.1226,0.0350,-0.0284,0.1459,0.0421,-0.0284,0.0753,0.0232,-0.0205,0.0553,0.0253,-0.0112,0.0470,0.0335,0.0520,-3.437,0.0482,None
37.1053,-0.0432,0.1216,0.0419,-0.0223,0.1483,0.0511,-0.0245,0.0734,0.0265,-0.0185,0.0543,0.0284,-0.0091,0.0456,0.0360,0.0539,-3.812,0.0458,None
37.1194,-0.0435,0.1199,0.0464,-0.0183,0.1522,0.0583,-0.0243,0.0720,0.0290,-0.0184,0.0530,0.0304,-0.0089,0.0443,0.0377,0.0545,-3.812,0.0453,None
37.1332,-0.0453,0.1185,0.0485,-0.0171,0.1547,0.0622,-0.0253,0.0709,0.0301,-0.0191,0.0521,0.0313,-0.0095,0.0434,0.0384,0.0547,-3.912,0.0451,None
37.1470,-0.0468,0.1178,0.0487,-0.0187,0.1548,0.0630,-0.0263,0.0704,0.0301,-0.0198,0.0517,0.0314,-0.0103,0.0431,0.0386,0.0550,-3.921,0.0450,None
37.1605,-0.0480,0.1172,0.0492,-0.0205,0.1543,0.0638,-0.0270,0.0698,0.0302,-0.0205,0.0513,0.0315,-0.0110,0.0427,0.0388,0.0552,-4.026,0.0448,None
37.1748,-0.0486,0.1172,0.0487,-0.0222,0.1539,0.0638,-0.0276,0.0695,0.0298,-0.0210,0.0511,0.0313,-0.0117,0.0425,0.0387,0.0555,-3.809,0.0447,None
37.1884,-0.0484,0.1179,0.0478,-0.0263,0.1517,0.0636,-0.0282,0.0691,0.0293,-0.0217,0.0509,0.0311,-0.0125,0.0423,0.0387,0.0559,-4.053,0.0446,None
37.2026,-0.0479,0.1187,0.0470,-0.0316,0.1481,0.0632,-0.0287,0.0686,0.0288,-0.0223,0.0507,0.0309,-0.0133,0.0421,0.0386,0.0566,-3.920,0.0444,None
37.2162,-0.0477,0.1192,0.0462,-0.0341,0.1469,0.0629,-0.0294,0.0683,0.0284,-0.0230,0.0505,0.0306,-0.0141,0.0418,0.0385,0.0569,-4.131,0.0444,None
37.2305,-0.0489,0.1189,0.0459,-0.0359,0.1464,0.0631,-0.0303,0.0680,0.0281,-0.0239,0.0502,0.0304,-0.0152,0.0415,0.0384,0.0571,-3.934,0.0445,None
37.2443,-0.0506,0.1184,0.0455,-0.0384,0.1457,0.0633,-0.0315,0.0675,0.0277,-0.0252,0.0497,0.0300,-0.0166,0.0410,0.0382,0.0572,-4.074,0.0446,None
37.2579,-0.0534,0.1175,0.0446,-0.0420,0.1450,0.0634,-0.0334,0.0669,0.0270,-0.0271,0.0492,0.0294,-0.0189,0.0403,0.0379,0.0572,-4.148,0.0447,None
37.2719,-0.0569,0.1164,0.0430,-0.0398,0.1500,0.0652,-0.0398,0.0667,0.0267,-0.0301,0.0488,0.0285,-0.0260,0.0400,0.0365,0.0551,-4.006,0.0489,None
37.2859,-0.0606,0.1152,0.0412,-0.0386,0.1535,0.0670,-0.0486,0.0678,0.0267,-0.0361,0.0489,0.0273,-0.0332,0.0399,0.0346,0.0510,-3.851,0.0554,None
37.2995,-0.0650,0.1134,0.0392,-0.0374,0.1565,0.0695,-0.0648,0.0809,0.0355,-0.0533,0.0563,0.0305,-0.0467,0.0423,0.0330,0.0327,-3.618,0.0712,None
37.3135,-0.0696,0.1111,0.0378,-0.0383,0.1582,0.0708,-0.0739,0.0933,0.0451,-0.0669,0.0651,0.0363,-0.0584,0.0482,0.0357,0.0197,-2.164,0.0826,None
37.3274,-0.0733,0.1090,0.0364,-0.0424,0.1581,0.0698,-0.0784,0.0976,0.0483,-0.0732,0.0682,0.0384,-0.0640,0.0509,0.0372,0.0172,-1.336,0.0870,None
37.3412,-0.0768,0.1068,0.0351,-0.0471,0.1574,0.0685,-0.0821,0.0992,0.0493,-0.0775,0.0693,0.0390,-0.0678,0.0520,0.0377,0.0169,-1.234,0.0894,None
37.3555,-0.0796,0.1049,0.0344,-0.0508,0.1571,0.0668,-0.0844,0.0976,0.0483,-0.0790,0.0676,0.0382,-0.0689,0.0507,0.0372,0.0164,-1.255,0.0893,None
37.3692,-0.0818,0.1025,0.0357,-0.0534,0.1572,0.0645,-0.0859,0.0964,0.0471,-0.0797,0.0663,0.0374,-0.0692,0.0496,0.0367,0.0135,-1.156,0.0891,None
37.3830,-0.0841,0.0998,0.0374,-0.0560,0.1571,0.0624,-0.0876,0.0936,0.0448,-0.0784,0.0619,0.0342,-0.0658,0.0465,0.0345,0.0102,-0.918,0.0882,None
37.3967,-0.0851,0.0997,0.0364,-0.0566,0.1579,0.0598,-0.0878,0.0851,0.0383,-0.0680,0.0522,0.0268,-0.0570,0.0420,0.0317,0.0149,-0.935,0.0846,None
37.4113,-0.0851,0.1006,0.0346,-0.0604,0.1562,0.0556,-0.0868,0.0806,0.0340,-0.0574,0.0475,0.0230,-0.0475,0.0385,0.0296,0.0200,-1.138,0.0824,None
37.4244,-0.0852,0.1012,0.0330,-0.0639,0.1544,0.0517,-0.0861,0.0781,0.0314,-0.0508,0.0458,0.0214,-0.0415,0.0372,0.0289,0.0232,-1.585,0.0812,None
37.4387,-0.0845,0.1022,0.0316,-0.0648,0.1540,0.0480,-0.0858,0.0794,0.0306,-0.0473,0.0457,0.0204,-0.0381,0.0376,0.0286,0.0229,-1.675,0.0816,None
37.4524,-0.0835,0.1034,0.0302,-0.0635,0.1553,0.0449,-0.0851,0.0810,0.0297,-0.0461,0.0465,0.0198,-0.0367,0.0385,0.0282,0.0225,-1.753,0.0819,None
37.4662,-0.0825,0.1046,0.0286,-0.0619,0.1568,0.0417,-0.0844,0.0827,0.0288,-0.0448,0.0472,0.0190,-0.0352,0.0394,0.0277,0.0220,-1.711,0.0823,None
37.4798,-0.0813,0.1059,0.0268,-0.0600,0.1583,0.0387,-0.0835,0.0843,0.0273,-0.0439,0.0480,0.0182,-0.0342,0.0403,0.0271,0.0217,-1.722,0.0824,None
37.4941,-0.0803,0.1071,0.0247,-0.0583,0.1596,0.0357,-0.0831,0.0865,0.0257,-0.0433,0.0488,0.0170,-0.0338,0.0411,0.0262,0.0208,-1.621,0.0832,None
37.5080,-0.0797,0.1080,0.0222,-0.0572,0.1607,0.0327,-0.0836,0.0891,0.0240,-0.0429,0.0494,0.0157,-0.0337,0.0418,0.0252,0.0193,-1.610,0.0846,None
37.5219,-0.0796,0.1084,0.0197,-0.0560,0.1617,0.0296,-0.0842,0.0920,0.0224,-0.0425,0.0500,0.0143,-0.0335,0.0424,0.0242,0.0173,-1.470,0.0862,None
37.5355,-0.0797,0.1087,0.0169,-0.0551,0.1625,0.0264,-0.0847,0.0945,0.0202,-0.0422,0.0504,0.0128,-0.0335,0.0430,0.0230,0.0154,-1.362,0.0876,None
37.5497,-0.0792,0.1094,0.0139,-0.0542,0.1634,0.0229,-0.0847,0.0962,0.0175,-0.0418,0.0509,0.0112,-0.0335,0.0436,0.0218,0.0148,-1.227,0.0882,None
37.5635,-0.0787,0.1100,0.0109,-0.0532,0.1642,0.0195,-0.0845,0.0976,0.0147,-0.0415,0.0513,0.0097,-0.0334,0.0442,0.0206,0.0142,-1.223,0.0887,None
37.5771,-0.0776,0.1110,0.0084,-0.0514,0.1651,0.0164,-0.0835,0.0990,0.0122,-0.0407,0.0519,0.0084,-0.0329,0.0448,0.0196,0.0139,-1.226,0.0889,None
37.5913,-0.0760,0.1121,0.0065,-0.0489,0.1661,0.0139,-0.0821,0.1006,0.0103,-0.0398,0.0525,0.0074,-0.0321,0.0456,0.0189,0.0136,-1.166,0.0890,None
37.6051,-0.0745,0.1132,0.0047,-0.0464,0.1670,0.0114,-0.0808,0.1021,0.0085,-0.0388,0.0531,0.0065,-0.0311,0.0463,0.0182,0.0132,-1.164,0.0891,None
37.6188,-0.0726,0.1144,0.0034,-0.0435,0.1679,0.0096,-0.0790,0.1038,0.0072,-0.0376,0.0538,0.0058,-0.0302,0.0470,0.0177,0.0129,-1.203,0.0892,None
37.6332,-0.0706,0.1156,0.0030,-0.0404,0.1687,0.0086,-0.0771,0.1053,0.0067,-0.0364,0.0544,0.0056,-0.0292,0.0477,0.0175,0.0127,-1.102,0.0893,None
37.6469,-0.0692,0.1164,0.0032,-0.0382,0.1692,0.0086,-0.0756,0.1063,0.0069,-0.0354,0.0548,0.0057,-0.0283,0.0481,0.0177,0.0125,-1.065,0.0893,None
37.6608,-0.0678,0.1171,0.0035,-0.0361,0.1696,0.0086,-0.0742,0.1073,0.0070,-0.0344,0.0552,0.0057,-0.0275,0.0484,0.0178,0.0123,-1.022,0.0893,None
37.6747,-0.0642,0.1192,0.0050,-0.0312,0.1702,0.0117,-0.0709,0.1088,0.0089,-0.0326,0.0560,0.0068,-0.0260,0.0489,0.0188,0.0130,-1.251,0.0890,None
37.6886,-0.0580,0.1224,0.0076,-0.0363,0.1599,0.0129,-0.0616,0.0988,0.0074,-0.0297,0.0573,0.0084,-0.0237,0.0495,0.0202,0.0239,-1.321,0.0797,None
37.7021,-0.0504,0.1274,0.0035,-0.0378,0.1499,0.0136,-0.0511,0.0884,0.0056,-0.0268,0.0583,0.0101,-0.0213,0.0501,0.0217,0.0391,-2.323,0.0700,None
37.7160,-0.0387,0.1336,-0.0001,-0.0328,0.1480,0.0194,-0.0330,0.0756,0.0053,-0.0240,0.0588,0.0127,-0.0191,0.0499,0.0240,0.0586,-3.475,0.0531,None
37.7303,-0.0367,0.1344,0.0048,-0.0315,0.1470,0.0274,-0.0202,0.0694,0.0085,-0.0232,0.0581,0.0157,-0.0189,0.0486,0.0267,0.0672,-4.304,0.0407,None
37.7439,-0.0351,0.1347,0.0109,-0.0304,0.1456,0.0349,-0.0143,0.0673,0.0121,-0.0213,0.0568,0.0187,-0.0187,0.0472,0.0291,0.0705,-5.102,0.0354,None
37.7576,-0.0387,0.1332,0.0159,-0.0346,0.1436,0.0409,-0.0144,0.0660,0.0150,-0.0226,0.0551,0.0207,-0.0205,0.0453,0.0308,0.0714,-4.997,0.0335,None
37.7719,-0.0439,0.1311,0.0193,-0.0386,0.1451,0.0481,-0.0170,0.0649,0.0168,-0.0250,0.0534,0.0220,-0.0228,0.0434,0.0319,0.0715,-4.736,0.0334,None
37.7856,-0.0487,0.1289,0.0224,-0.0389,0.1490,0.0579,-0.0193,0.0637,0.0185,-0.0271,0.0517,0.0231,-0.0248,0.0415,0.0328,0.0717,-5.011,0.0333,None
37.7993,-0.0533,0.1269,0.0234,-0.0410,0.1503,0.0631,-0.0217,0.0627,0.0190,-0.0291,0.0504,0.0233,-0.0268,0.0401,0.0330,0.0717,-5.014,0.0334,None
37.8134,-0.0559,0.1259,0.0232,-0.0440,0.1499,0.0640,-0.0233,0.0622,0.0189,-0.0303,0.0496,0.0230,-0.0281,0.0394,0.0327,0.0717,-4.861,0.0336,None
37.8272,-0.0572,0.1255,0.0221,-0.0461,0.1496,0.0629,-0.0243,0.0620,0.0182,-0.0311,0.0494,0.0224,-0.0289,0.0392,0.0323,0.0717,-5.025,0.0338,None
37.8409,-0.0584,0.1251,0.0212,-0.0482,0.1491,0.0621,-0.0263,0.0614,0.0172,-0.0318,0.0490,0.0218,-0.0296,0.0389,0.0318,0.0715,-5.075,0.0351,None
37.8554,-0.0586,0.1252,0.0198,-0.0492,0.1493,0.0605,-0.0283,0.0611,0.0159,-0.0324,0.0490,0.0208,-0.0300,0.0390,0.0312,0.0710,-4.808,0.0370,None
37.8687,-0.0586,0.1254,0.0183,-0.0499,0.1495,0.0589,-0.0296,0.0612,0.0147,-0.0330,0.0490,0.0198,-0.0303,0.0392,0.0306,0.0706,-5.221,0.0382,None
37.8827,-0.0586,0.1256,0.0169,-0.0506,0.1496,0.0574,-0.0304,0.0612,0.0138,-0.0337,0.0491,0.0188,-0.0307,0.0393,0.0300,0.0704,-4.942,0.0390,None
37.8965,-0.0588,0.1257,0.0157,-0.0514,0.1497,0.0563,-0.0324,0.0615,0.0128,-0.0340,0.0490,0.0182,-0.0311,0.0394,0.0295,0.0695,-4.976,0.0407,None
37.9108,-0.0594,0.1257,0.0140,-0.0528,0.1499,0.0550,-0.0428,0.0639,0.0103,-0.0357,0.0493,0.0170,-0.0325,0.0394,0.0281,0.0641,-4.741,0.0503,None
37.9248,-0.0600,0.1256,0.0122,-0.0541,0.1501,0.0536,-0.0493,0.0659,0.0088,-0.0402,0.0503,0.0149,-0.0351,0.0397,0.0259,0.0607,-4.476,0.0562,None
37.9382,-0.0611,0.1253,0.0094,-0.0512,0.1544,0.0554,-0.0660,0.0792,0.0117,-0.0491,0.0528,0.0112,-0.0449,0.0423,0.0204,0.0463,-4.388,0.0714,None
37.9522,-0.0634,0.1243,0.0052,-0.0477,0.1594,0.0563,-0.0769,0.0932,0.0160,-0.0623,0.0608,0.0094,-0.0561,0.0482,0.0165,0.0356,-3.166,0.0827,None
37.9664,-0.0661,0.1221,0.0029,-0.0476,0.1620,0.0546,-0.0823,0.1005,0.0167,-0.0706,0.0671,0.0083,-0.0632,0.0530,0.0142,0.0303,-2.312,0.0882,None
37.9813,-0.0693,0.1181,0.0036,-0.0476,0.1642,0.0518,-0.0855,0.1067,0.0169,-0.0776,0.0741,0.0081,-0.0687,0.0577,0.0128,0.0239,-1.727,0.0921,None
37.9938,-0.0722,0.1152,0.0036,-0.0484,0.1655,0.0481,-0.0866,0.1083,0.0147,-0.0786,0.0745,0.0057,-0.0696,0.0581,0.0107,0.0195,-1.711,0.0929,None
38.0075,-0.0771,0.1103,0.0069,-0.0497,0.1663,0.0441,-0.0877,0.1092,0.0120,-0.0793,0.0742,0.0031,-0.0702,0.0579,0.0085,0.0118,-0.998,0.0933,None
38.0216,-0.0796,0.1080,0.0078,-0.0507,0.1670,0.0402,-0.0883,0.1090,0.0096,-0.0794,0.0735,0.0014,-0.0702,0.0575,0.0073,0.0090,-0.752,0.0933,None
38.0353,-0.0801,0.1076,0.0066,-0.0508,0.1676,0.0367,-0.0884,0.1089,0.0078,-0.0741,0.0689,-0.0004,-0.0661,0.0546,0.0065,0.0085,-0.706,0.0932,None
38.0494,-0.0800,0.1079,0.0048,-0.0504,0.1685,0.0326,-0.0881,0.1090,0.0059,-0.0608,0.0588,-0.0017,-0.0559,0.0481,0.0073,0.0083,-0.658,0.0932,None
38.0637,-0.0799,0.1080,0.0030,-0.0553,0.1659,0.0254,-0.0877,0.1034,0.0008,-0.0509,0.0526,-0.0014,-0.0476,0.0433,0.0088,0.0093,-0.632,0.0910,None
38.0768,-0.0793,0.1084,0.0012,-0.0584,0.1636,0.0187,-0.0867,0.0995,-0.0030,-0.0435,0.0501,-0.0001,-0.0410,0.0419,0.0112,0.0123,-0.743,0.0894,None
38.0913,-0.0781,0.1093,-0.0003,-0.0571,0.1640,0.0147,-0.0853,0.0988,-0.0049,-0.0401,0.0501,0.0004,-0.0376,0.0426,0.0124,0.0136,-0.933,0.0888,None
38.1049,-0.0769,0.1101,-0.0020,-0.0549,0.1650,0.0112,-0.0842,0.0992,-0.0063,-0.0380,0.0505,0.0003,-0.0353,0.0434,0.0130,0.0139,-1.088,0.0887,None
38.1187,-0.0748,0.1115,-0.0029,-0.0514,0.1663,0.0089,-0.0824,0.1007,-0.0069,-0.0366,0.0512,0.0002,-0.0334,0.0444,0.0133,0.0138,-1.171,0.0887,None
38.1330,-0.0728,0.1128,-0.0028,-0.0479,0.1674,0.0084,-0.0805,0.1022,-0.0065,-0.0353,0.0518,0.0003,-0.0322,0.0451,0.0135,0.0136,-1.151,0.0888,None
38.1465,-0.0718,0.1133,-0.0019,-0.0449,0.1681,0.0093,-0.0787,0.1036,-0.0055,-0.0343,0.0524,0.0009,-0.0312,0.0456,0.0141,0.0125,-1.144,0.0888,None
38.1604,-0.0715,0.1132,-0.0011,-0.0420,0.1688,0.0100,-0.0771,0.1046,-0.0046,-